m    n        time   heap     comparisons
16   1004544  31.39  3635353  264062  
16   1014784  35.06  4470913  416513  
16   1024     4.20   12761    323     
16   1025024  39.78  3439777  230265  
16   103424   6.06   430993   27925   
16   1035264  34.38  4333857  384697  
16   1045504  31.66  3940193  316024  
16   11264    4.61   53441    2108    
16   113664   6.99   425353   26934   
16   123904   7.17   476033   36311   
16   134144   7.81   708505   30451   
16   144384   8.25   720745   32040   
16   154624   9.00   821881   50904   
16   164864   9.32   814073   48302   
16   175104   9.63   867361   58389   
16   185344   9.45   840497   54545   
16   195584   10.90  861201   58254   
16   205824   10.88  864609   58484   
16   21504    4.33   104161   5238    
16   216064   9.16   826881   51314   
16   226304   10.74  941697   71479   
16   236544   11.16  808441   47528   
16   246784   11.92  927793   69319   
16   257024   11.86  793281   46189   
16   267264   14.21  1533673  83599   
16   277504   12.65  1349841  49464   
16   287744   14.24  1603785  96443   
16   297984   12.51  1455793  69566   
16   308224   14.24  1556625  86303   
16   31744    5.83   116313   7161    
16   318464   14.89  1620505  98340   
16   328704   15.56  1747641  121295  
16   338944   16.03  1748881  121271  
16   349184   15.19  1748633  120950  
16   359424   15.92  1681137  110146  
16   369664   14.90  1661409  104261  
16   379904   15.39  1675121  109018  
16   390144   18.36  1856489  140373  
16   400384   16.32  1906545  146367  
16   410624   14.51  1417393  61947   
16   41984    6.36   232513   16251   
16   420864   17.46  1858425  141001  
16   431104   17.68  1928993  147798  
16   441344   17.18  1725049  113252  
16   451584   21.08  1976737  158547  
16   461824   17.14  1729833  118224  
16   472064   18.03  1821417  134676  
16   482304   17.23  1591377  92130   
16   492544   19.99  2086601  180881  
16   502784   17.30  1693849  112278  
16   513024   17.95  1547953  86705   
16   52224    6.69   253969   19932   
16   523264   18.55  1793649  129595  
16   533504   22.51  3232873  194447  
16   543744   20.49  3009177  159152  
16   553984   21.93  3058617  164052  
16   564224   17.19  2931553  145145  
16   574464   22.63  3115249  178129  
16   584704   19.62  2829881  127263  
16   594944   21.02  3107393  175413  
16   605184   22.72  2986001  154002  
16   615424   24.84  3310849  207386  
16   62464    7.28   236953   17096   
16   625664   20.14  2951513  148777  
16   635904   19.74  3104905  175337  
16   646144   22.81  3301617  210461  
16   656384   22.84  3485657  243483  
16   666624   19.82  2880529  133610  
16   676864   22.22  3553777  255052  
16   687104   19.68  2807697  118328  
16   697344   22.24  3048089  167225  
16   707584   23.71  3393729  222255  
16   717824   23.22  3084289  169019  
16   72704    5.89   369233   17182   
16   728064   22.66  3116625  178103  
16   738304   24.47  3594369  263143  
16   748544   22.15  3121105  178549  
16   758784   22.18  2838097  126384  
16   769024   25.21  3521401  249402  
16   779264   23.33  3037473  160432  
16   789504   25.55  3491473  241952  
16   799744   27.61  4016769  334811  
16   809984   27.38  3499889  236497  
16   820224   24.34  3117737  178826  
16   82944    6.36   392425   21442   
16   830464   25.20  3412585  229154  
16   840704   29.09  3911481  317205  
16   850944   25.24  3039209  164814  
16   861184   24.02  2896177  137817  
16   871424   29.23  3834425  303341  
16   881664   27.30  3523273  240544  
16   891904   27.35  3420009  220739  
16   902144   26.16  3123473  171254  
16   912384   31.66  4428665  408329  
16   922624   29.40  3419177  228325  
16   93184    7.23   429337   27933   
16   932864   30.26  3836409  298048  
16   943104   29.09  3473345  241445  
16   953344   32.36  4030441  338001  
16   963584   32.71  3744337  281817  
16   973824   28.32  3483281  244021  
16   984064   28.97  3694161  278127  
16   994304   31.51  3559529  257752  
256  1004544  27.52  3179721  180548  
256  1014784  26.11  2923257  139532  
256  1024     3.58   20257    113     
256  1025024  33.79  2738897  110191  
256  103424   5.91   367441   15275   
256  1035264  28.56  2807945  121867  
256  1045504  28.78  3349337  216247  
256  11264    4.29   57993    1383    
256  113664   5.99   368801   15282   
256  123904   8.61   399281   20561   
256  134144   8.42   680457   24251   
256  144384   7.66   627169   14740   
256  154624   9.02   784545   42646   
256  164864   9.28   664889   21609   
256  175104   9.19   720041   30763   
256  185344   8.54   691993   26356   
256  195584   9.43   677961   23813   
256  205824   9.41   746289   35992   
256  21504    5.03   95489    2152    
256  216064   8.49   714705   29870   
256  226304   10.86  677897   23914   
256  236544   10.66  799825   44333   
256  246784   10.22  743977   35540   
256  257024   11.89  827481   49108   
256  267264   11.73  1281305  37701   
256  277504   11.83  1217585  26052   
256  287744   10.88  1303601  41842   
256  297984   10.36  1348073  47918   
256  308224   14.17  1435593  63453   
256  31744    6.09   127441   7675    
256  318464   12.40  1382561  55560   
256  328704   12.01  1280457  37165   
256  338944   12.64  1339897  48249   
256  349184   13.24  1321409  45000   
256  359424   14.48  1449145  65479   
256  369664   15.41  1361329  51828   
256  379904   12.34  1379145  55064   
256  390144   15.39  1381793  56050   
256  400384   13.79  1361777  51067   
256  410624   14.88  1432657  64494   
256  41984    5.62   193713   7909    
256  420864   14.97  1465585  69157   
256  431104   15.27  1648185  102451  
256  441344   14.86  1497121  72115   
256  451584   15.10  1449825  67820   
256  461824   17.95  1672945  106606  
256  472064   15.41  1445857  64524   
256  482304   16.22  1491481  75011   
256  492544   18.63  1702049  111920  
256  502784   16.83  1436897  65717   
256  513024   17.22  1310401  42977   
256  52224    5.66   186105   6583    
256  523264   18.88  1484401  72965   
256  533504   19.23  2685425  96835   
256  543744   18.19  2589505  83753   
256  553984   19.12  2616673  86571   
256  564224   20.64  2774273  115453  
256  574464   17.81  2496129  67184   
256  584704   18.12  2564729  79590   
256  594944   19.14  2350353  41663   
256  605184   21.15  2578633  81109   
256  615424   17.78  2507137  69092   
256  62464    7.21   199657   9008    
256  625664   20.10  2566097  79045   
256  635904   18.40  2692697  101809  
256  646144   19.37  2653697  95422   
256  656384   18.94  2773105  115946  
256  666624   20.25  2776321  115651  
256  676864   21.80  2997185  155374  
256  687104   21.28  3026057  160028  
256  697344   22.89  2642569  91513   
256  707584   19.98  2738985  109739  
256  717824   22.03  3054817  161944  
256  72704    5.45   323793   7836    
256  728064   21.04  2895545  137140  
256  738304   22.99  2806377  120868  
256  748544   20.75  2701937  104035  
256  758784   22.13  3007009  156581  
256  769024   24.62  2953121  141089  
256  779264   23.82  3115809  172462  
256  789504   22.90  2844697  128538  
256  799744   24.45  2865017  129424  
256  809984   24.23  2786881  117915  
256  820224   23.97  2934273  143579  
256  82944    6.14   320985   7093    
256  830464   24.27  2837537  124620  
256  840704   23.35  2674049  98523   
256  850944   25.85  3095473  172559  
256  861184   23.37  2758217  107884  
256  871424   25.70  3109913  175302  
256  881664   26.15  3189129  184908  
256  891904   25.67  2994297  155128  
256  902144   24.70  3228529  191946  
256  912384   25.66  3063873  163340  
256  922624   23.41  2518545  69922   
256  93184    5.78   335137   9791    
256  932864   25.80  2611281  85728   
256  943104   28.80  2957105  147867  
256  953344   26.66  3026393  160750  
256  963584   25.66  3034689  162115  
256  973824   26.13  3132777  179510  
256  984064   24.52  2683137  100533  
256  994304   25.86  2892225  135998  
64   1004544  27.14  3111985  173674  
64   1014784  31.15  3347297  207735  
64   1024     3.59   13617    165     
64   1025024  37.38  2994257  156111  
64   103424   6.55   392105   21110   
64   1035264  32.13  3686601  272545  
64   1045504  30.13  3577017  253241  
64   11264    3.83   52049    1514    
64   113664   7.35   396817   21716   
64   123904   6.56   392921   20818   
64   134144   7.12   657873   21595   
64   144384   7.83   714257   29997   
64   154624   8.12   689657   27346   
64   164864   9.68   795409   43731   
64   175104   10.13  867177   58308   
64   185344   9.25   750497   38217   
64   195584   9.15   693473   27939   
64   205824   9.70   792145   44232   
64   21504    4.84   99497    4229    
64   216064   9.48   806033   46864   
64   226304   9.99   739489   35589   
64   236544   10.85  844449   53711   
64   246784   12.31  851801   55363   
64   257024   12.83  860745   57072   
64   267264   12.85  1345937  50634   
64   277504   12.97  1438505  65972   
64   287744   11.92  1290641  40094   
64   297984   12.28  1407921  61391   
64   308224   13.33  1412145  62309   
64   31744    5.80   120745   7525    
64   318464   13.39  1445849  67429   
64   328704   13.41  1450921  69114   
64   338944   13.76  1463713  70723   
64   349184   14.54  1629081  100017  
64   359424   15.15  1381209  56556   
64   369664   14.86  1482209  73143   
64   379904   15.26  1568513  89908   
64   390144   14.90  1471233  72737   
64   400384   14.24  1483561  74742   
64   410624   15.75  1435369  66558   
64   41984    5.49   189065   8308    
64   420864   15.20  1626401  97615   
64   431104   17.46  1613417  97788   
64   441344   16.73  1628377  99948   
64   451584   15.62  1471881  71350   
64   461824   16.49  1504369  78466   
64   472064   17.86  1676273  108905  
64   482304   19.04  1604537  95262   
64   492544   17.17  1452137  69161   
64   502784   16.93  1499681  76239   
64   513024   21.08  1757617  123019  
64   52224    6.23   198433   10072   
64   523264   17.42  1667937  104679  
64   533504   20.66  2716753  107442  
64   543744   18.01  2754969  113950  
64   553984   19.80  2878673  135518  
64   564224   22.48  3272601  205189  
64   574464   20.07  3063481  168017  
64   584704   20.27  2616121  87739   
64   594944   20.72  2706889  105665  
64   605184   20.12  2779993  118614  
64   615424   20.98  2912273  141699  
64   62464    6.09   220169   13466   
64   625664   20.21  2929193  141598  
64   635904   20.33  2889241  134748  
64   646144   19.29  2619913  89992   
64   656384   20.27  2788657  120078  
64   666624   21.71  3104049  175020  
64   676864   21.82  3106593  174597  
64   687104   22.62  3179681  183559  
64   697344   22.83  3195545  190977  
64   707584   20.40  2685121  102255  
64   717824   21.21  3068169  168765  
64   72704    5.91   323281   8767    
64   728064   23.05  2892105  136998  
64   738304   24.49  3375617  223651  
64   748544   20.95  2788921  120491  
64   758784   23.24  3155889  184631  
64   769024   23.44  3007153  154646  
64   779264   24.03  3215393  194408  
64   789504   24.25  3266593  204891  
64   799744   23.51  2893985  136023  
64   809984   23.09  2943337  147000  
64   820224   24.18  2789993  119394  
64   82944    6.39   413409   24766   
64   830464   25.51  2990881  156058  
64   840704   23.45  2794801  121406  
64   850944   26.11  3334201  214231  
64   861184   25.51  3117025  177795  
64   871424   22.78  2802257  122115  
64   881664   26.53  3252153  201533  
64   891904   25.13  2947993  145293  
64   902144   28.07  3340041  211979  
64   912384   27.47  3083841  171658  
64   922624   26.06  3229553  198994  
64   93184    6.30   432953   28160   
64   932864   26.54  3137593  181481  
64   943104   30.92  3839105  298326  
64   953344   28.93  3209321  193993  
64   963584   27.74  3188041  191036  
64   973824   28.03  3176465  189050  
64   984064   28.53  3122057  179604  
64   994304   30.29  3564585  256433  
