m    n        time   heap     comparisons
16   1004544  31.63  2105582  1255958  
16   1014784  29.07  2105582  1268101  
16   1024     4.13   10478    1269     
16   1025024  29.43  2105582  1281545  
16   103424   7.01   270574   129109   
16   1035264  38.33  2105582  1294114  
16   1045504  29.55  2105582  1290528  
16   11264    4.25   41198    14019    
16   113664   7.05   270574   141489   
16   123904   7.67   270574   154498   
16   134144   8.09   532718   165809   
16   144384   7.39   532718   178352   
16   154624   7.73   532718   193162   
16   164864   8.15   532718   203490   
16   175104   8.72   532718   215900   
16   185344   9.37   532718   230925   
16   195584   9.41   532718   244804   
16   205824   10.95  532718   257436   
16   21504    5.39   73966    26859    
16   216064   10.96  532718   270345   
16   226304   11.34  532718   279207   
16   236544   12.11  532718   295674   
16   246784   11.27  532718   308210   
16   257024   10.62  532718   321300   
16   267264   11.76  1057006  334016   
16   277504   13.11  1057006  346559   
16   287744   12.49  1057006  355258   
16   297984   11.94  1057006  372490   
16   308224   11.74  1057006  385151   
16   31744    5.21   73966    39770    
16   318464   13.19  1057006  393077   
16   328704   12.94  1057006  406168   
16   338944   14.41  1057006  418129   
16   349184   15.22  1057006  430857   
16   359424   12.35  1057006  443710   
16   369664   14.41  1057006  462357   
16   379904   14.70  1057006  474497   
16   390144   14.93  1057006  487674   
16   400384   15.06  1057006  493806   
16   410624   15.90  1057006  512521   
16   41984    5.60   139502   51844    
16   420864   15.37  1057006  526043   
16   431104   13.55  1057006  532419   
16   441344   16.52  1057006  544682   
16   451584   16.83  1057006  564344   
16   461824   18.55  1057006  577044   
16   472064   17.17  1057006  590108   
16   482304   17.13  1057006  602743   
16   492544   19.20  1057006  607413   
16   502784   17.54  1057006  628486   
16   513024   18.85  1057006  633792   
16   52224    6.40   139502   65196    
16   523264   20.47  1057006  645723   
16   533504   20.14  2105582  667084   
16   543744   20.51  2105582  677728   
16   553984   18.93  2105582  692124   
16   564224   20.78  2105582  705257   
16   574464   20.20  2105582  718016   
16   584704   19.93  2105582  721880   
16   594944   20.31  2105582  743933   
16   605184   22.26  2105582  753645   
16   615424   21.33  2105582  769377   
16   62464    6.90   139502   77855    
16   625664   22.55  2105582  772310   
16   635904   22.93  2105582  794850   
16   646144   20.40  2105582  808123   
16   656384   22.58  2105582  820410   
16   666624   21.85  2105582  832846   
16   676864   22.81  2105582  845665   
16   687104   21.94  2105582  848050   
16   697344   20.87  2105582  868175   
16   707584   23.21  2105582  873788   
16   717824   25.34  2105582  897197   
16   72704    5.06   270574   90960    
16   728064   25.48  2105582  909546   
16   738304   24.26  2105582  922159   
16   748544   26.28  2105582  930177   
16   758784   28.97  2105582  947852   
16   769024   25.34  2105582  958859   
16   779264   25.37  2105582  973359   
16   789504   28.01  2105582  983453   
16   799744   26.00  2105582  999624   
16   809984   26.92  2105582  1012248  
16   820224   26.31  2105582  1024657  
16   82944    4.88   270574   103846   
16   830464   26.31  2105582  1024734  
16   840704   28.38  2105582  1047217  
16   850944   35.50  2105582  1062699  
16   861184   31.78  2105582  1076386  
16   871424   27.01  2105582  1088990  
16   881664   30.09  2105582  1088062  
16   891904   26.53  2105582  1115271  
16   902144   27.33  2105582  1127246  
16   912384   28.43  2105582  1135701  
16   922624   26.81  2105582  1145363  
16   93184    8.04   270574   116557   
16   932864   29.67  2105582  1161925  
16   943104   31.55  2105582  1178621  
16   953344   29.61  2105582  1190932  
16   963584   28.93  2105582  1188546  
16   973824   28.73  2105582  1215755  
16   984064   30.80  2105582  1229102  
16   994304   33.58  2105582  1239137  
256  1004544  27.92  2107982  1239442  
256  1014784  28.87  2107982  1267516  
256  1024     3.74   12878    1255     
256  1025024  37.75  2107982  1273537  
256  103424   7.22   272974   127524   
256  1035264  31.25  2107982  1294055  
256  1045504  30.70  2107982  1306635  
256  11264    4.53   43598    14033    
256  113664   7.14   272974   142053   
256  123904   6.94   272974   152803   
256  134144   7.54   535118   167790   
256  144384   7.05   535118   180507   
256  154624   8.77   535118   193501   
256  164864   7.52   535118   206003   
256  175104   7.82   535118   219371   
256  185344   10.46  535118   230772   
256  195584   9.96   535118   244404   
256  205824   10.65  535118   257066   
256  21504    5.43   76366    26892    
256  216064   11.51  535118   269846   
256  226304   10.22  535118   279377   
256  236544   10.95  535118   294727   
256  246784   11.27  535118   304862   
256  257024   11.53  535118   321137   
256  267264   12.37  1059406  333940   
256  277504   13.16  1059406  347066   
256  287744   13.46  1059406  359190   
256  297984   11.43  1059406  372705   
256  308224   13.78  1059406  384830   
256  31744    5.97   76366    39620    
256  318464   16.24  1059406  395286   
256  328704   13.27  1059406  410800   
256  338944   13.11  1059406  423539   
256  349184   13.45  1059406  436325   
256  359424   14.02  1059406  443059   
256  369664   13.19  1059406  461987   
256  379904   15.28  1059406  474510   
256  390144   14.72  1059406  487116   
256  400384   15.67  1059406  500137   
256  410624   13.71  1059406  513742   
256  41984    6.11   141902   52527    
256  420864   15.99  1059406  525663   
256  431104   17.07  1059406  538778   
256  441344   19.32  1059406  551758   
256  451584   14.74  1059406  557482   
256  461824   16.45  1059406  577089   
256  472064   18.72  1059406  590622   
256  482304   15.94  1059406  595039   
256  492544   18.90  1059406  614560   
256  502784   20.12  1059406  627998   
256  513024   23.20  1059406  641873   
256  52224    5.53   141902   64586    
256  523264   18.44  1059406  654240   
256  533504   19.83  2107982  667159   
256  543744   18.32  2107982  671207   
256  553984   19.07  2107982  692511   
256  564224   19.95  2107982  705628   
256  574464   19.59  2107982  717634   
256  584704   18.85  2107982  721378   
256  594944   20.63  2107982  743152   
256  605184   19.58  2107982  752012   
256  615424   22.03  2107982  769340   
256  62464    7.74   141902   78283    
256  625664   22.91  2107982  782379   
256  635904   22.49  2107982  794591   
256  646144   22.46  2107982  804397   
256  656384   23.46  2107982  820379   
256  666624   21.47  2107982  833043   
256  676864   22.84  2107982  846299   
256  687104   21.88  2107982  856470   
256  697344   21.64  2107982  866466   
256  707584   22.76  2107982  884038   
256  717824   24.81  2107982  896532   
256  72704    6.41   272974   90766    
256  728064   28.41  2107982  910690   
256  738304   24.91  2107982  922758   
256  748544   24.48  2107982  923263   
256  758784   27.11  2107982  948135   
256  769024   24.40  2107982  961452   
256  779264   27.04  2107982  961796   
256  789504   24.79  2107982  987235   
256  799744   24.43  2107982  998068   
256  809984   27.14  2107982  1012694  
256  820224   25.71  2107982  1018891  
256  82944    6.47   272974   103654   
256  830464   27.41  2107982  1034865  
256  840704   30.77  2107982  1037677  
256  850944   30.85  2107982  1060724  
256  861184   28.24  2107982  1074806  
256  871424   28.55  2107982  1085685  
256  881664   28.60  2107982  1101582  
256  891904   27.26  2107982  1101571  
256  902144   28.55  2107982  1127726  
256  912384   31.98  2107982  1135976  
256  922624   28.33  2107982  1138358  
256  93184    7.09   272974   116185   
256  932864   31.10  2107982  1151261  
256  943104   32.26  2107982  1171788  
256  953344   33.11  2107982  1191503  
256  963584   29.07  2107982  1203778  
256  973824   32.25  2107982  1215552  
256  984064   31.87  2107982  1213586  
256  994304   31.42  2107982  1240209  
64   1004544  30.61  2106062  1239781  
64   1014784  29.07  2106062  1266458  
64   1024     3.65   10958    1281     
64   1025024  34.40  2106062  1276350  
64   103424   7.77   271054   128806   
64   1035264  29.27  2106062  1293239  
64   1045504  30.71  2106062  1307069  
64   11264    5.04   41678    14034    
64   113664   6.56   271054   141407   
64   123904   7.37   271054   155050   
64   134144   7.46   533198   165603   
64   144384   7.10   533198   180524   
64   154624   8.39   533198   193618   
64   164864   9.01   533198   205110   
64   175104   8.48   533198   218684   
64   185344   8.88   533198   228580   
64   195584   9.96   533198   244514   
64   205824   11.39  533198   256392   
64   21504    5.06   74446    26847    
64   216064   10.91  533198   270039   
64   226304   10.99  533198   279477   
64   236544   10.85  533198   295702   
64   246784   12.28  533198   308725   
64   257024   11.16  533198   321155   
64   267264   14.42  1057486  333908   
64   277504   11.44  1057486  342656   
64   287744   11.96  1057486  358639   
64   297984   12.98  1057486  369873   
64   308224   13.42  1057486  385129   
64   31744    5.93   74446    39476    
64   318464   12.42  1057486  393202   
64   328704   13.36  1057486  410326   
64   338944   16.40  1057486  418107   
64   349184   12.66  1057486  436327   
64   359424   13.39  1057486  449787   
64   369664   15.37  1057486  462432   
64   379904   13.55  1057486  471946   
64   390144   16.85  1057486  487937   
64   400384   15.60  1057486  500136   
64   410624   17.31  1057486  513321   
64   41984    5.25   139982   52606    
64   420864   14.97  1057486  525841   
64   431104   16.57  1057486  536823   
64   441344   19.40  1057486  551849   
64   451584   17.65  1057486  564428   
64   461824   16.45  1057486  577380   
64   472064   17.55  1057486  590414   
64   482304   17.95  1057486  595415   
64   492544   18.46  1057486  607659   
64   502784   19.72  1057486  628235   
64   513024   17.94  1057486  641253   
64   52224    5.54   139982   65130    
64   523264   19.70  1057486  653742   
64   533504   19.44  2106062  658346   
64   543744   19.70  2106062  677580   
64   553984   20.38  2106062  692305   
64   564224   20.08  2106062  705079   
64   574464   20.58  2106062  716096   
64   584704   21.26  2106062  730522   
64   594944   20.93  2106062  743589   
64   605184   21.97  2106062  755839   
64   615424   24.33  2106062  759253   
64   62464    5.53   139982   76941    
64   625664   21.71  2106062  782267   
64   635904   21.34  2106062  792221   
64   646144   22.75  2106062  797242   
64   656384   19.86  2106062  819934   
64   666624   24.19  2106062  823206   
64   676864   22.15  2106062  840906   
64   687104   21.15  2106062  858640   
64   697344   25.23  2106062  868141   
64   707584   23.78  2106062  883276   
64   717824   24.21  2106062  896197   
64   72704    5.74   271054   89690    
64   728064   25.03  2106062  898951   
64   738304   25.71  2106062  922871   
64   748544   25.08  2106062  924038   
64   758784   25.73  2106062  936720   
64   769024   23.17  2106062  960226   
64   779264   24.47  2106062  973407   
64   789504   26.67  2106062  974338   
64   799744   28.71  2106062  996170   
64   809984   26.25  2106062  999485   
64   820224   27.57  2106062  1024493  
64   82944    5.78   271054   103827   
64   830464   26.09  2106062  1024655  
64   840704   28.17  2106062  1043966  
64   850944   26.26  2106062  1059611  
64   861184   28.74  2106062  1062991  
64   871424   29.49  2106062  1074868  
64   881664   29.27  2106062  1102051  
64   891904   29.48  2106062  1101407  
64   902144   30.24  2106062  1128049  
64   912384   29.80  2106062  1135517  
64   922624   29.86  2106062  1153193  
64   93184    8.57   271054   116208   
64   932864   29.81  2106062  1164279  
64   943104   30.71  2106062  1178303  
64   953344   31.12  2106062  1177433  
64   963584   30.16  2106062  1189339  
64   973824   31.51  2106062  1200988  
64   984064   32.70  2106062  1228690  
64   994304   39.97  2106062  1241950  
