n         time
1000      0.288000
3000      0.113000
5000      0.102000
7000      0.098000
9000      0.096000
11000     0.095000
13000     0.115000
15000     0.152000
17000     0.137000
19000     0.143000
21000     0.158000
23000     0.137000
25000     0.129000
27000     0.135000
29000     0.130000
31000     0.131000
33000     0.135000
35000     0.136000
37000     0.123000
39000     0.083000
41000     0.084000
43000     0.083000
45000     0.079000
47000     0.068000
49000     0.067000
51000     0.070000
53000     0.069000
55000     0.070000
57000     0.070000
59000     0.098000
61000     0.081000
63000     0.102000
65000     0.070000
67000     0.072000
69000     0.068000
71000     0.068000
73000     0.070000
75000     0.069000
77000     0.069000
79000     0.071000
81000     0.068000
83000     0.067000
85000     0.067000
87000     0.068000
89000     0.068000
91000     0.068000
93000     0.068000
95000     0.072000
97000     0.068000
99000     0.069000
101000    0.069000
103000    0.068000
105000    0.068000
107000    0.072000
109000    0.069000
111000    0.069000
113000    0.070000
115000    0.068000
117000    0.068000
119000    0.092000
121000    0.070000
123000    0.070000
125000    0.071000
127000    0.070000
129000    0.071000
131000    0.071000
133000    0.071000
135000    0.076000
137000    0.073000
139000    0.076000
141000    0.073000
143000    0.102000
145000    0.073000
147000    0.073000
149000    0.072000
151000    0.080000
153000    0.074000
155000    0.077000
157000    0.078000
159000    0.080000
161000    0.100000
163000    0.073000
165000    0.074000
167000    0.073000
169000    0.110000
171000    0.081000
173000    0.076000
175000    0.075000
177000    0.108000
179000    0.158000
181000    0.096000
183000    0.097000
185000    0.175000
187000    0.139000
189000    0.097000
191000    0.097000
193000    0.179000
195000    0.123000
197000    0.098000
199000    0.097000
201000    0.180000
203000    0.097000
205000    0.098000
207000    0.144000
209000    0.180000
211000    0.099000
213000    0.097000
215000    0.177000
217000    0.099000
219000    0.099000
221000    0.182000
223000    0.099000
225000    0.099000
227000    0.189000
229000    0.118000
231000    0.098000
233000    0.154000
235000    0.134000
237000    0.099000
239000    0.175000
241000    0.146000
243000    0.101000
245000    0.181000
247000    0.146000
249000    0.099000
251000    0.158000
253000    0.115000
255000    0.099000
257000    0.184000
259000    0.101000
261000    0.111000
263000    0.165000
265000    0.152000
267000    0.211000
269000    0.147000
271000    0.100000
273000    0.176000
275000    0.098000
277000    0.110000
279000    0.177000
281000    0.099000
283000    0.161000
285000    0.106000
287000    0.100000
289000    0.186000
291000    0.104000
293000    0.182000
295000    0.103000
297000    0.114000
299000    0.177000
301000    0.102000
303000    0.189000
305000    0.103000
307000    0.101000
309000    0.212000
311000    0.105000
313000    0.190000
315000    0.101000
317000    0.190000
319000    0.104000
321000    0.103000
323000    0.143000
325000    0.103000
327000    0.264000
329000    0.106000
331000    0.226000
333000    0.106000
335000    0.191000
337000    0.104000
339000    0.205000
341000    0.161000
343000    0.104000
345000    0.169000
347000    0.105000
349000    0.182000
351000    0.104000
353000    0.178000
355000    0.104000
357000    0.188000
359000    0.099000
361000    0.185000
363000    0.104000
365000    0.179000
367000    0.132000
369000    0.176000
371000    0.105000
373000    0.183000
375000    0.123000
377000    0.184000
379000    0.104000
381000    0.155000
383000    0.107000
385000    0.142000
387000    0.105000
389000    0.158000
391000    0.183000
393000    0.123000
395000    0.209000
397000    0.102000
399000    0.190000
401000    0.104000
403000    0.178000
405000    0.108000
407000    0.188000
409000    0.104000
411000    0.189000
413000    0.102000
415000    0.195000
417000    0.106000
419000    0.198000
421000    0.104000
423000    0.146000
425000    0.165000
427000    0.106000
429000    0.235000
431000    0.108000
433000    0.168000
435000    0.108000
437000    0.151000
439000    0.169000
441000    0.110000
443000    0.194000
445000    0.112000
447000    0.159000
449000    0.192000
451000    0.130000
453000    0.202000
455000    0.107000
457000    0.164000
459000    0.160000
461000    0.107000
463000    0.203000
465000    0.110000
467000    0.151000
469000    0.195000
471000    0.141000
473000    0.109000
475000    0.204000
477000    0.111000
479000    0.141000
481000    0.199000
483000    0.107000
485000    0.144000
487000    0.193000
489000    0.108000
491000    0.140000
493000    0.199000
495000    0.108000
497000    0.158000
499000    0.198000
501000    0.114000
503000    0.126000
505000    0.218000
507000    0.111000
509000    0.111000
511000    0.182000
513000    0.151000
515000    0.113000
517000    0.153000
519000    0.200000
521000    0.109000
523000    0.138000
525000    0.210000
527000    0.188000
529000    0.111000
531000    0.154000
533000    0.204000
535000    0.115000
537000    0.114000
539000    0.157000
541000    0.204000
543000    0.114000
545000    0.114000
547000    0.155000
549000    0.209000
551000    0.196000
553000    0.114000
555000    0.147000
557000    0.197000
559000    0.204000
561000    0.116000
563000    0.128000
565000    0.207000
567000    0.208000
569000    0.116000
571000    0.115000
573000    0.141000
575000    0.190000
577000    0.206000
579000    0.120000
581000    0.136000
583000    0.136000
585000    0.191000
587000    0.210000
589000    0.181000
591000    0.113000
593000    0.114000
595000    0.163000
597000    0.206000
599000    0.211000
601000    0.117000
603000    0.116000
605000    0.164000
607000    0.208000
609000    0.210000
611000    0.111000
613000    0.119000
615000    0.139000
617000    0.189000
619000    0.211000
621000    0.118000
623000    0.137000
625000    0.117000
627000    0.180000
629000    0.192000
631000    0.198000
633000    0.204000
635000    0.116000
637000    0.116000
639000    0.150000
641000    0.198000
643000    0.213000
645000    0.220000
647000    0.201000
649000    0.118000
651000    0.115000
653000    0.120000
655000    0.169000
657000    0.202000
659000    0.191000
661000    0.239000
663000    0.139000
665000    0.117000
667000    0.119000
669000    0.139000
671000    0.192000
673000    0.187000
675000    0.200000
677000    0.236000
679000    0.213000
681000    0.218000
683000    0.215000
685000    0.207000
687000    0.121000
689000    0.120000
691000    0.143000
693000    0.117000
695000    0.119000
697000    0.120000
699000    0.117000
701000    0.132000
703000    0.142000
705000    0.143000
707000    0.151000
709000    0.158000
711000    0.158000
713000    0.155000
715000    0.169000
717000    0.160000
719000    0.164000
721000    0.170000
723000    0.179000
725000    0.168000
727000    0.165000
729000    0.151000
731000    0.170000
733000    0.171000
735000    0.194000
737000    0.180000
739000    0.189000
741000    0.182000
743000    0.190000
745000    0.188000
747000    0.181000
749000    0.189000
751000    0.191000
753000    0.188000
755000    0.213000
757000    0.188000
759000    0.188000
761000    0.201000
763000    0.170000
765000    0.167000
767000    0.152000
769000    0.150000
771000    0.140000
773000    0.139000
775000    0.134000
777000    0.124000
779000    0.122000
781000    0.121000
783000    0.135000
785000    0.122000
787000    0.122000
789000    0.221000
791000    0.209000
793000    0.243000
795000    0.120000
797000    0.122000
799000    0.122000
801000    0.150000
803000    0.119000
805000    0.120000
807000    0.202000
809000    0.201000
811000    0.206000
813000    0.183000
815000    0.178000
817000    0.217000
819000    0.211000
821000    0.220000
823000    0.247000
825000    0.203000
827000    0.181000
829000    0.206000
831000    0.178000
833000    0.162000
835000    0.163000
837000    0.126000
839000    0.211000
841000    0.225000
843000    0.228000
845000    0.189000
847000    0.175000
849000    0.164000
851000    0.130000
853000    0.195000
855000    0.226000
857000    0.228000
859000    0.198000
861000    0.179000
863000    0.142000
865000    0.125000
867000    0.228000
869000    0.229000
871000    0.186000
873000    0.150000
875000    0.126000
877000    0.246000
879000    0.229000
881000    0.187000
883000    0.153000
885000    0.127000
887000    0.228000
889000    0.227000
891000    0.185000
893000    0.145000
895000    0.128000
897000    0.264000
899000    0.233000
901000    0.187000
903000    0.150000
905000    0.128000
907000    0.271000
909000    0.214000
911000    0.187000
913000    0.149000
915000    0.150000
917000    0.251000
919000    0.256000
921000    0.192000
923000    0.155000
925000    0.127000
927000    0.232000
929000    0.222000
931000    0.183000
933000    0.130000
935000    0.236000
937000    0.206000
939000    0.165000
941000    0.127000
943000    0.233000
945000    0.211000
947000    0.173000
949000    0.130000
951000    0.236000
953000    0.195000
955000    0.133000
957000    0.231000
959000    0.187000
961000    0.147000
963000    0.222000
965000    0.188000
967000    0.158000
969000    0.236000
971000    0.215000
973000    0.186000
975000    0.250000
977000    0.213000
979000    0.166000
981000    0.192000
983000    0.232000
985000    0.190000
987000    0.130000
989000    0.266000
991000    0.185000
993000    0.129000
995000    0.248000
997000    0.185000
999000    0.128000
1001000   0.235000
1003000   0.182000
1005000   0.267000
1007000   0.212000
1009000   0.158000
1011000   0.234000
1013000   0.214000
1015000   0.131000
1017000   0.206000
1019000   0.164000
1021000   0.239000
1023000   0.212000
1025000   0.174000
1027000   0.234000
1029000   0.204000
1031000   0.151000
1033000   0.237000
1035000   0.195000
1037000   0.129000
1039000   0.225000
1041000   0.166000
1043000   0.296000
1045000   0.195000
1047000   0.131000
1049000   0.233000
1051000   0.167000
1053000   0.240000
1055000   0.208000
1057000   0.145000
1059000   0.240000
1061000   0.205000
1063000   0.131000
1065000   0.221000
1067000   0.157000
1069000   0.237000
1071000   0.183000
1073000   0.238000
1075000   0.198000
1077000   0.161000
1079000   0.208000
1081000   0.132000
1083000   0.222000
1085000   0.184000
1087000   0.239000
1089000   0.191000
1091000   0.240000
1093000   0.200000
1095000   0.221000
1097000   0.246000
1099000   0.271000
1101000   0.240000
1103000   0.177000
1105000   0.241000
1107000   0.196000
1109000   0.239000
1111000   0.219000
1113000   0.243000
1115000   0.204000
1117000   0.243000
1119000   0.205000
1121000   0.241000
1123000   0.201000
1125000   0.247000
1127000   0.216000
1129000   0.241000
1131000   0.233000
1133000   0.225000
1135000   0.190000
1137000   0.242000
1139000   0.164000
1141000   0.225000
1143000   0.165000
1145000   0.226000
1147000   0.165000
1149000   0.214000
1151000   0.263000
1153000   0.212000
1155000   0.240000
1157000   0.195000
1159000   0.281000
1161000   0.198000
1163000   0.246000
1165000   0.212000
1167000   0.236000
1169000   0.158000
1171000   0.214000
1173000   0.243000
1175000   0.197000
1177000   0.260000
1179000   0.214000
1181000   0.212000
1183000   0.218000
1185000   0.157000
1187000   0.212000
1189000   0.175000
1191000   0.203000
1193000   0.292000
1195000   0.237000
1197000   0.247000
1199000   0.192000
1201000   0.231000
1203000   0.170000
1205000   0.215000
1207000   0.255000
1209000   0.186000
1211000   0.232000
1213000   0.152000
1215000   0.209000
1217000   0.234000
1219000   0.250000
1221000   0.198000
1223000   0.230000
1225000   0.159000
1227000   0.210000
1229000   0.233000
1231000   0.249000
1233000   0.197000
1235000   0.231000
1237000   0.160000
1239000   0.209000
1241000   0.262000
1243000   0.193000
1245000   0.219000
1247000   0.290000
1249000   0.189000
1251000   0.214000
1253000   0.259000
1255000   0.158000
1257000   0.204000
1259000   0.226000
1261000   0.166000
1263000   0.218000
1265000   0.256000
1267000   0.229000
1269000   0.252000
1271000   0.191000
1273000   0.238000
1275000   0.248000
1277000   0.160000
1279000   0.198000
1281000   0.195000
1283000   0.220000
1285000   0.233000
1287000   0.165000
1289000   0.203000
1291000   0.217000
1293000   0.230000
1295000   0.232000
1297000   0.179000
1299000   0.196000
1301000   0.230000
1303000   0.258000
1305000   0.230000
1307000   0.255000
1309000   0.191000
1311000   0.197000
1313000   0.216000
1315000   0.224000
1317000   0.237000
1319000   0.267000
1321000   0.192000
1323000   0.191000
1325000   0.219000
1327000   0.320000
1329000   0.217000
1331000   0.222000
1333000   0.228000
1335000   0.225000
1337000   0.231000
1339000   0.237000
1341000   0.166000
1343000   0.196000
1345000   0.193000
1347000   0.196000
1349000   0.199000
1351000   0.196000
1353000   0.192000
1355000   0.191000
1357000   0.198000
1359000   0.205000
1361000   0.219000
1363000   0.234000
1365000   0.217000
1367000   0.219000
1369000   0.221000
1371000   0.225000
1373000   0.219000
1375000   0.224000
1377000   0.212000
1379000   0.263000
1381000   0.173000
1383000   0.216000
1385000   0.212000
1387000   0.192000
1389000   0.191000
1391000   0.181000
1393000   0.196000
1395000   0.183000
1397000   0.188000
1399000   0.207000
1401000   0.196000
1403000   0.194000
1405000   0.201000
1407000   0.224000
1409000   0.195000
1411000   0.190000
1413000   0.191000
1415000   0.188000
1417000   0.187000
1419000   0.200000
1421000   0.191000
1423000   0.195000
1425000   0.209000
1427000   0.190000
1429000   0.188000
1431000   0.193000
1433000   0.193000
1435000   0.214000
1437000   0.192000
1439000   0.193000
1441000   0.191000
1443000   0.197000
1445000   0.189000
1447000   0.213000
1449000   0.196000
1451000   0.257000
1453000   0.189000
1455000   0.230000
1457000   0.209000
1459000   0.195000
1461000   0.186000
1463000   0.190000
1465000   0.193000
1467000   0.192000
1469000   0.202000
1471000   0.213000
1473000   0.212000
1475000   0.211000
1477000   0.187000
1479000   0.190000
1481000   0.190000
1483000   0.191000
1485000   0.197000
1487000   0.195000
1489000   0.187000
1491000   0.189000
1493000   0.191000
1495000   0.188000
1497000   0.188000
1499000   0.188000
1501000   0.190000
1503000   0.192000
1505000   0.206000
1507000   0.188000
1509000   0.186000
1511000   0.207000
1513000   0.190000
1515000   0.184000
1517000   0.189000
1519000   0.192000
1521000   0.189000
1523000   0.188000
1525000   0.198000
1527000   0.190000
1529000   0.189000
1531000   0.191000
1533000   0.188000
1535000   0.184000
1537000   0.188000
1539000   0.187000
1541000   0.191000
1543000   0.190000
1545000   0.188000
1547000   0.216000
1549000   0.190000
1551000   0.185000
1553000   0.185000
1555000   0.187000
1557000   0.190000
1559000   0.229000
1561000   0.189000
1563000   0.184000
1565000   0.192000
1567000   0.184000
1569000   0.191000
1571000   0.190000
1573000   0.186000
1575000   0.190000
1577000   0.191000
1579000   0.188000
1581000   0.188000
1583000   0.192000
1585000   0.184000
1587000   0.189000
1589000   0.186000
1591000   0.184000
1593000   0.188000
1595000   0.187000
1597000   0.185000
1599000   0.187000
1601000   0.211000
1603000   0.331000
1605000   0.184000
1607000   0.194000
1609000   0.185000
1611000   0.199000
1613000   0.190000
1615000   0.188000
1617000   0.195000
1619000   0.195000
1621000   0.190000
1623000   0.192000
1625000   0.191000
1627000   0.187000
1629000   0.193000
1631000   0.182000
1633000   0.186000
1635000   0.185000
1637000   0.222000
1639000   0.184000
1641000   0.182000
1643000   0.188000
1645000   0.345000
1647000   0.318000
1649000   0.198000
1651000   0.190000
1653000   0.189000
1655000   0.191000
1657000   0.187000
1659000   0.188000
1661000   0.190000
1663000   0.187000
1665000   0.204000
1667000   0.187000
1669000   0.192000
1671000   0.193000
1673000   0.192000
1675000   0.346000
1677000   0.190000
1679000   0.188000
1681000   0.190000
1683000   0.184000
1685000   0.188000
1687000   0.342000
1689000   0.273000
1691000   0.289000
1693000   0.194000
1695000   0.190000
1697000   0.191000
1699000   0.212000
1701000   0.190000
1703000   0.185000
1705000   0.186000
1707000   0.186000
1709000   0.188000
1711000   0.204000
1713000   0.226000
1715000   0.188000
1717000   0.189000
1719000   0.192000
1721000   0.189000
1723000   0.197000
1725000   0.191000
1727000   0.189000
1729000   0.188000
1731000   0.186000
1733000   0.187000
1735000   0.197000
1737000   0.188000
1739000   0.191000
1741000   0.191000
1743000   0.194000
1745000   0.188000
1747000   0.188000
1749000   0.248000
1751000   0.190000
1753000   0.311000
1755000   0.354000
1757000   0.188000
1759000   0.263000
1761000   0.204000
1763000   0.348000
1765000   0.314000
1767000   0.325000
1769000   0.193000
1771000   0.357000
1773000   0.190000
1775000   0.190000
1777000   0.190000
1779000   0.290000
1781000   0.275000
1783000   0.270000
1785000   0.346000
1787000   0.273000
1789000   0.278000
1791000   0.202000
1793000   0.193000
1795000   0.195000
1797000   0.196000
1799000   0.197000
1801000   0.357000
1803000   0.356000
1805000   0.298000
1807000   0.272000
1809000   0.272000
1811000   0.274000
1813000   0.276000
1815000   0.269000
1817000   0.183000
1819000   0.295000
1821000   0.274000
1823000   0.278000
1825000   0.277000
1827000   0.273000
1829000   0.295000
1831000   0.266000
1833000   0.315000
1835000   0.274000
1837000   0.275000
1839000   0.271000
1841000   0.276000
1843000   0.273000
1845000   0.273000
1847000   0.261000
1849000   0.314000
1851000   0.229000
1853000   0.352000
1855000   0.277000
1857000   0.277000
1859000   0.262000
1861000   0.270000
1863000   0.261000
1865000   0.278000
1867000   0.290000
1869000   0.196000
1871000   0.307000
1873000   0.290000
1875000   0.275000
1877000   0.274000
1879000   0.275000
1881000   0.277000
1883000   0.284000
1885000   0.299000
1887000   0.356000
1889000   0.274000
1891000   0.272000
1893000   0.270000
1895000   0.277000
1897000   0.273000
1899000   0.357000
1901000   0.276000
1903000   0.281000
1905000   0.281000
1907000   0.288000
1909000   0.277000
1911000   0.233000
1913000   0.277000
1915000   0.278000
1917000   0.278000
1919000   0.276000
1921000   0.277000
1923000   0.301000
1925000   0.279000
1927000   0.389000
1929000   0.272000
1931000   0.277000
1933000   0.317000
1935000   0.232000
1937000   0.279000
1939000   0.301000
1941000   0.369000
1943000   0.279000
1945000   0.276000
1947000   0.313000
1949000   0.279000
1951000   0.315000
1953000   0.278000
1955000   0.274000
1957000   0.287000
1959000   0.366000
1961000   0.341000
1963000   0.277000
1965000   0.286000
1967000   0.277000
1969000   0.233000
1971000   0.278000
1973000   0.234000
1975000   0.226000
1977000   0.272000
1979000   0.280000
1981000   0.279000
1983000   0.294000
1985000   0.430000
1987000   0.281000
1989000   0.282000
1991000   0.295000
1993000   0.278000
1995000   0.281000
1997000   0.374000
1999000   0.334000
2001000   0.271000
2003000   0.288000
2005000   0.265000
2007000   0.285000
2009000   0.291000
2011000   0.374000
2013000   0.232000
2015000   0.279000
2017000   0.276000
2019000   0.210000
2021000   0.284000
2023000   0.230000
2025000   0.278000
2027000   0.278000
2029000   0.279000
2031000   0.319000
2033000   0.268000
2035000   0.280000
2037000   0.229000
2039000   0.281000
2041000   0.282000
2043000   0.233000
2045000   0.279000
2047000   0.281000
2049000   0.232000
2051000   0.327000
2053000   0.277000
2055000   0.234000
2057000   0.285000
2059000   0.280000
2061000   0.231000
2063000   0.281000
2065000   0.281000
2067000   0.228000
2069000   0.234000
2071000   0.281000
2073000   0.285000
2075000   0.227000
2077000   0.284000
2079000   0.279000
2081000   0.227000
2083000   0.283000
2085000   0.283000
2087000   0.241000
2089000   0.265000
2091000   0.271000
2093000   0.268000
2095000   0.284000
2097000   0.262000
2099000   0.292000
2101000   0.227000
2103000   0.244000
2105000   0.215000
2107000   0.279000
2109000   0.294000
2111000   0.245000
2113000   0.283000
2115000   0.342000
2117000   0.227000
2119000   0.260000
2121000   0.290000
2123000   0.394000
2125000   0.231000
2127000   0.305000
2129000   0.284000
2131000   0.259000
2133000   0.295000
2135000   0.265000
2137000   0.274000
2139000   0.249000
2141000   0.262000
2143000   0.284000
2145000   0.228000
2147000   0.306000
2149000   0.275000
2151000   0.227000
2153000   0.266000
2155000   0.302000
2157000   0.222000
2159000   0.298000
2161000   0.286000
2163000   0.227000
2165000   0.227000
2167000   0.264000
2169000   0.228000
2171000   0.227000
2173000   0.228000
2175000   0.406000
2177000   0.224000
2179000   0.228000
2181000   0.262000
2183000   0.286000
2185000   0.218000
2187000   0.222000
2189000   0.267000
2191000   0.226000
2193000   0.233000
2195000   0.235000
2197000   0.267000
2199000   0.283000
2201000   0.301000
2203000   0.286000
2205000   0.289000
2207000   0.285000
2209000   0.286000
2211000   0.290000
2213000   0.226000
2215000   0.228000
2217000   0.228000
2219000   0.230000
2221000   0.227000
2223000   0.427000
2225000   0.225000
2227000   0.241000
2229000   0.227000
2231000   0.228000
2233000   0.219000
2235000   0.223000
2237000   0.224000
2239000   0.226000
2241000   0.227000
2243000   0.230000
2245000   0.232000
2247000   0.227000
2249000   0.244000
2251000   0.312000
2253000   0.279000
2255000   0.280000
2257000   0.218000
2259000   0.249000
2261000   0.223000
2263000   0.224000
2265000   0.270000
2267000   0.288000
2269000   0.430000
2271000   0.442000
2273000   0.396000
2275000   0.224000
2277000   0.289000
2279000   0.276000
2281000   0.230000
2283000   0.226000
2285000   0.325000
2287000   0.426000
2289000   0.420000
2291000   0.435000
2293000   0.302000
2295000   0.299000
2297000   0.412000
2299000   0.429000
2301000   0.445000
2303000   0.422000
2305000   0.452000
2307000   0.419000
2309000   0.269000
2311000   0.288000
2313000   0.271000
2315000   0.271000
2317000   0.284000
2319000   0.270000
2321000   0.265000
2323000   0.276000
2325000   0.271000
2327000   0.270000
2329000   0.270000
2331000   0.268000
2333000   0.288000
2335000   0.271000
2337000   0.269000
2339000   0.305000
2341000   0.316000
2343000   0.290000
2345000   0.267000
2347000   0.241000
2349000   0.307000
2351000   0.271000
2353000   0.272000
2355000   0.266000
2357000   0.264000
2359000   0.262000
2361000   0.234000
2363000   0.296000
2365000   0.267000
2367000   0.267000
2369000   0.263000
2371000   0.356000
2373000   0.286000
2375000   0.270000
2377000   0.256000
2379000   0.435000
2381000   0.291000
2383000   0.451000
2385000   0.421000
2387000   0.292000
2389000   0.298000
2391000   0.289000
2393000   0.270000
2395000   0.267000
2397000   0.443000
2399000   0.305000
2401000   0.290000
2403000   0.290000
2405000   0.269000
2407000   0.268000
2409000   0.265000
2411000   0.443000
2413000   0.294000
2415000   0.298000
2417000   0.265000
2419000   0.294000
2421000   0.293000
2423000   0.289000
2425000   0.297000
2427000   0.295000
2429000   0.277000
2431000   0.310000
2433000   0.295000
2435000   0.272000
2437000   0.442000
2439000   0.295000
2441000   0.275000
2443000   0.269000
2445000   0.296000
2447000   0.294000
2449000   0.268000
2451000   0.296000
2453000   0.285000
2455000   0.292000
2457000   0.284000
2459000   0.287000
2461000   0.265000
2463000   0.298000
2465000   0.278000
2467000   0.478000
2469000   0.303000
2471000   0.266000
2473000   0.294000
2475000   0.295000
2477000   0.267000
2479000   0.451000
2481000   0.294000
2483000   0.269000
2485000   0.454000
2487000   0.273000
2489000   0.269000
2491000   0.297000
2493000   0.301000
2495000   0.265000
2497000   0.298000
2499000   0.338000
2501000   0.291000
2503000   0.295000
2505000   0.270000
2507000   0.269000
2509000   0.313000
2511000   0.295000
2513000   0.266000
2515000   0.295000
2517000   0.264000
2519000   0.297000
2521000   0.298000
2523000   0.269000
2525000   0.305000
2527000   0.284000
2529000   0.266000
2531000   0.292000
2533000   0.279000
2535000   0.292000
2537000   0.273000
2539000   0.294000
2541000   0.272000
2543000   0.294000
2545000   0.294000
2547000   0.274000
2549000   0.293000
2551000   0.299000
2553000   0.269000
2555000   0.322000
2557000   0.297000
2559000   0.270000
2561000   0.293000
2563000   0.280000
2565000   0.288000
2567000   0.266000
2569000   0.274000
2571000   0.269000
2573000   0.268000
2575000   0.282000
2577000   0.298000
2579000   0.266000
2581000   0.296000
2583000   0.266000
2585000   0.272000
2587000   0.276000
2589000   0.280000
2591000   0.300000
2593000   0.263000
2595000   0.292000
2597000   0.277000
2599000   0.294000
2601000   0.274000
2603000   0.334000
2605000   0.342000
2607000   0.263000
2609000   0.309000
2611000   0.287000
2613000   0.298000
2615000   0.266000
2617000   0.274000
2619000   0.291000
2621000   0.297000
2623000   0.287000
2625000   0.275000
2627000   0.366000
2629000   0.316000
2631000   0.263000
2633000   0.295000
2635000   0.273000
2637000   0.275000
2639000   0.286000
2641000   0.310000
2643000   0.300000
2645000   0.283000
2647000   0.295000
2649000   0.265000
2651000   0.274000
2653000   0.288000
2655000   0.319000
2657000   0.292000
2659000   0.278000
2661000   0.280000
2663000   0.297000
2665000   0.267000
2667000   0.276000
2669000   0.281000
2671000   0.297000
2673000   0.303000
2675000   0.299000
2677000   0.303000
2679000   0.262000
2681000   0.275000
2683000   0.272000
2685000   0.273000
2687000   0.277000
2689000   0.295000
2691000   0.303000
2693000   0.283000
2695000   0.302000
2697000   0.321000
2699000   0.324000
2701000   0.327000
2703000   0.269000
2705000   0.271000
2707000   0.273000
2709000   0.270000
2711000   0.272000
2713000   0.276000
2715000   0.271000
2717000   0.285000
2719000   0.273000
2721000   0.280000
2723000   0.275000
2725000   0.269000
2727000   0.263000
2729000   0.273000
2731000   0.272000
2733000   0.272000
2735000   0.280000
2737000   0.277000
2739000   0.278000
2741000   0.266000
2743000   0.293000
2745000   0.325000
2747000   0.273000
2749000   0.270000
2751000   0.270000
2753000   0.274000
2755000   0.268000
2757000   0.272000
2759000   0.268000
2761000   0.280000
2763000   0.270000
2765000   0.273000
2767000   0.265000
2769000   0.279000
2771000   0.276000
2773000   0.273000
2775000   0.271000
2777000   0.268000
2779000   0.267000
2781000   0.273000
2783000   0.288000
2785000   0.264000
2787000   0.277000
2789000   0.275000
2791000   0.271000
2793000   0.268000
2795000   0.273000
2797000   0.272000
2799000   0.271000
2801000   0.268000
2803000   0.280000
2805000   0.273000
2807000   0.282000
2809000   0.273000
2811000   0.272000
2813000   0.272000
2815000   0.284000
2817000   0.300000
2819000   0.270000
2821000   0.261000
2823000   0.271000
2825000   0.264000
2827000   0.271000
2829000   0.282000
2831000   0.270000
2833000   0.300000
2835000   0.275000
2837000   0.273000
2839000   0.318000
2841000   0.283000
2843000   0.270000
2845000   0.277000
2847000   0.274000
2849000   0.273000
2851000   0.273000
2853000   0.279000
2855000   0.273000
2857000   0.269000
2859000   0.277000
2861000   0.274000
2863000   0.275000
2865000   0.272000
2867000   0.269000
2869000   0.268000
2871000   0.269000
2873000   0.270000
2875000   0.289000
2877000   0.273000
2879000   0.317000
2881000   0.267000
2883000   0.272000
2885000   0.275000
2887000   0.274000
2889000   0.265000
2891000   0.268000
2893000   0.266000
2895000   0.272000
2897000   0.263000
2899000   0.267000
2901000   0.275000
2903000   0.271000
2905000   0.274000
2907000   0.270000
2909000   0.271000
2911000   0.270000
2913000   0.277000
2915000   0.271000
2917000   0.269000
2919000   0.276000
2921000   0.265000
2923000   0.274000
2925000   0.308000
2927000   0.270000
2929000   0.267000
2931000   0.269000
2933000   0.272000
2935000   0.271000
2937000   0.277000
2939000   0.267000
2941000   0.268000
2943000   0.272000
2945000   0.271000
2947000   0.268000
2949000   0.273000
2951000   0.269000
2953000   0.271000
2955000   0.320000
2957000   0.278000
2959000   0.268000
2961000   0.278000
2963000   0.268000
2965000   0.271000
2967000   0.287000
2969000   0.279000
2971000   0.272000
2973000   0.293000
2975000   0.282000
2977000   0.270000
2979000   0.282000
2981000   0.272000
2983000   0.267000
2985000   0.270000
2987000   0.269000
2989000   0.269000
2991000   0.268000
2993000   0.263000
2995000   0.272000
2997000   0.268000
2999000   0.296000
3001000   0.263000
3003000   0.278000
3005000   0.300000
3007000   0.270000
3009000   0.261000
3011000   0.260000
3013000   0.271000
3015000   0.264000
3017000   0.271000
3019000   0.265000
3021000   0.264000
3023000   0.268000
3025000   0.270000
3027000   0.288000
3029000   0.262000
3031000   0.264000
3033000   0.282000
3035000   0.336000
3037000   0.268000
3039000   0.266000
3041000   0.309000
3043000   0.268000
3045000   0.265000
3047000   0.269000
3049000   0.268000
3051000   0.260000
3053000   0.279000
3055000   0.270000
3057000   0.266000
3059000   0.269000
3061000   0.291000
3063000   0.269000
3065000   0.266000
3067000   0.305000
3069000   0.269000
3071000   0.271000
3073000   0.366000
3075000   0.358000
3077000   0.266000
3079000   0.288000
3081000   0.269000
3083000   0.262000
3085000   0.264000
3087000   0.267000
3089000   0.316000
3091000   0.271000
3093000   0.289000
3095000   0.269000
3097000   0.259000
3099000   0.320000
3101000   0.263000
3103000   0.274000
3105000   0.261000
3107000   0.273000
3109000   0.283000
3111000   0.266000
3113000   0.266000
3115000   0.270000
3117000   0.304000
3119000   0.270000
3121000   0.270000
3123000   0.285000
3125000   0.276000
3127000   0.269000
3129000   0.268000
3131000   0.268000
3133000   0.269000
3135000   0.261000
3137000   0.277000
3139000   0.270000
3141000   0.273000
3143000   0.276000
3145000   0.271000
3147000   0.269000
3149000   0.275000
3151000   0.275000
3153000   0.274000
3155000   0.267000
3157000   0.306000
3159000   0.413000
3161000   0.306000
3163000   0.292000
3165000   0.292000
3167000   0.276000
3169000   0.272000
3171000   0.277000
3173000   0.267000
3175000   0.280000
3177000   0.283000
3179000   0.277000
3181000   0.419000
3183000   0.301000
3185000   0.272000
3187000   0.281000
3189000   0.274000
3191000   0.300000
3193000   0.423000
3195000   0.311000
3197000   0.281000
3199000   0.277000
3201000   0.277000
3203000   0.273000
3205000   0.266000
3207000   0.282000
3209000   0.520000
3211000   0.309000
3213000   0.271000
3215000   0.351000
3217000   0.289000
3219000   0.267000
3221000   0.269000
3223000   0.264000
3225000   0.319000
3227000   0.265000
3229000   0.265000
3231000   0.271000
3233000   0.276000
3235000   0.326000
3237000   0.289000
3239000   0.267000
3241000   0.289000
3243000   0.265000
3245000   0.266000
3247000   0.239000
3249000   0.312000
3251000   0.316000
3253000   0.542000
3255000   0.296000
3257000   0.264000
3259000   0.333000
3261000   0.274000
3263000   0.261000
3265000   0.269000
3267000   0.264000
3269000   0.274000
3271000   0.265000
3273000   0.267000
3275000   0.268000
3277000   0.286000
3279000   0.528000
3281000   0.506000
3283000   0.267000
3285000   0.311000
3287000   0.283000
3289000   0.260000
3291000   0.265000
3293000   0.270000
3295000   0.269000
3297000   0.551000
3299000   0.567000
3301000   0.302000
3303000   0.314000
3305000   0.309000
3307000   0.331000
3309000   0.317000
3311000   0.294000
3313000   0.586000
3315000   0.307000
3317000   0.523000
3319000   0.345000
3321000   0.275000
3323000   0.340000
3325000   0.313000
3327000   0.343000
3329000   0.259000
3331000   0.451000
3333000   0.351000
3335000   0.278000
3337000   0.502000
3339000   0.305000
3341000   0.324000
3343000   0.277000
3345000   0.534000
3347000   0.297000
3349000   0.529000
3351000   0.321000
3353000   0.267000
3355000   0.262000
3357000   0.312000
3359000   0.304000
3361000   0.308000
3363000   0.585000
3365000   0.473000
3367000   0.289000
3369000   0.292000
3371000   0.248000
3373000   0.275000
3375000   0.259000
3377000   0.371000
3379000   0.266000
3381000   0.270000
3383000   0.264000
3385000   0.272000
3387000   0.271000
3389000   0.268000
3391000   0.267000
3393000   0.294000
3395000   0.292000
3397000   0.269000
3399000   0.280000
3401000   0.266000
3403000   0.344000
3405000   0.282000
3407000   0.277000
3409000   0.265000
3411000   0.284000
3413000   0.478000
3415000   0.265000
3417000   0.266000
3419000   0.267000
3421000   0.267000
3423000   0.265000
3425000   0.518000
3427000   0.562000
3429000   0.264000
3431000   0.277000
3433000   0.268000
3435000   0.254000
3437000   0.483000
3439000   0.268000
3441000   0.259000
3443000   0.265000
3445000   0.286000
3447000   0.263000
3449000   0.355000
3451000   0.313000
3453000   0.277000
3455000   0.265000
3457000   0.314000
3459000   0.270000
3461000   0.265000
3463000   0.267000
3465000   0.266000
3467000   0.270000
3469000   0.492000
3471000   0.314000
3473000   0.303000
3475000   0.268000
3477000   0.265000
3479000   0.270000
3481000   0.444000
3483000   0.263000
3485000   0.268000
3487000   0.279000
3489000   0.527000
3491000   0.486000
3493000   0.264000
3495000   0.266000
3497000   0.309000
3499000   0.529000
3501000   0.317000
3503000   0.361000
3505000   0.312000
3507000   0.263000
3509000   0.337000
3511000   0.398000
3513000   0.299000
3515000   0.253000
3517000   0.266000
3519000   0.316000
3521000   0.315000
3523000   0.304000
3525000   0.549000
3527000   0.304000
3529000   0.372000
3531000   0.422000
3533000   0.292000
3535000   0.308000
3537000   0.312000
3539000   0.269000
3541000   0.415000
3543000   0.332000
3545000   0.330000
3547000   0.266000
3549000   0.260000
3551000   0.297000
3553000   0.507000
3555000   0.286000
3557000   0.264000
3559000   0.332000
3561000   0.364000
3563000   0.282000
3565000   0.331000
3567000   0.267000
3569000   0.566000
3571000   0.265000
3573000   0.547000
3575000   0.538000
3577000   0.334000
3579000   0.297000
3581000   0.316000
3583000   0.554000
3585000   0.352000
3587000   0.518000
3589000   0.538000
3591000   0.261000
3593000   0.401000
3595000   0.565000
3597000   0.263000
3599000   0.522000
3601000   0.345000
3603000   0.288000
3605000   0.318000
3607000   0.320000
3609000   0.314000
3611000   0.316000
3613000   0.319000
3615000   0.484000
3617000   0.479000
3619000   0.564000
3621000   0.527000
3623000   0.318000
3625000   0.317000
3627000   0.316000
3629000   0.509000
3631000   0.458000
3633000   0.320000
3635000   0.269000
3637000   0.524000
3639000   0.269000
3641000   0.325000
3643000   0.373000
3645000   0.338000
3647000   0.325000
3649000   0.390000
3651000   0.546000
3653000   0.269000
3655000   0.322000
3657000   0.545000
3659000   0.560000
3661000   0.542000
3663000   0.317000
3665000   0.567000
3667000   0.438000
3669000   0.315000
3671000   0.320000
3673000   0.327000
3675000   0.316000
3677000   0.318000
3679000   0.373000
3681000   0.561000
3683000   0.555000
3685000   0.329000
3687000   0.524000
3689000   0.471000
3691000   0.317000
3693000   0.341000
3695000   0.510000
3697000   0.316000
3699000   0.589000
3701000   0.315000
3703000   0.312000
3705000   0.315000
3707000   0.535000
3709000   0.490000
3711000   0.315000
3713000   0.317000
3715000   0.314000
3717000   0.316000
3719000   0.319000
3721000   0.564000
3723000   0.270000
3725000   0.272000
3727000   0.327000
3729000   0.550000
3731000   0.326000
3733000   0.327000
3735000   0.315000
3737000   0.318000
3739000   0.318000
3741000   0.370000
3743000   0.320000
3745000   0.330000
3747000   0.318000
3749000   0.319000
3751000   0.317000
3753000   0.313000
3755000   0.318000
3757000   0.315000
3759000   0.317000
3761000   0.319000
3763000   0.375000
3765000   0.335000
3767000   0.453000
3769000   0.318000
3771000   0.306000
3773000   0.318000
3775000   0.364000
3777000   0.555000
3779000   0.315000
3781000   0.356000
3783000   0.315000
3785000   0.320000
3787000   0.319000
3789000   0.317000
3791000   0.310000
3793000   0.276000
3795000   0.318000
3797000   0.317000
3799000   0.329000
3801000   0.319000
3803000   0.317000
3805000   0.707000
3807000   0.317000
3809000   0.316000
3811000   0.373000
3813000   0.318000
3815000   0.561000
3817000   0.381000
3819000   0.337000
3821000   0.346000
3823000   0.302000
3825000   0.317000
3827000   0.320000
3829000   0.319000
3831000   0.402000
3833000   0.308000
3835000   0.329000
3837000   0.361000
3839000   0.317000
3841000   0.583000
3843000   0.315000
3845000   0.298000
3847000   0.326000
3849000   0.533000
3851000   0.319000
3853000   0.323000
3855000   0.323000
3857000   0.570000
3859000   0.316000
3861000   0.345000
3863000   0.321000
3865000   0.526000
3867000   0.322000
3869000   0.569000
3871000   0.400000
3873000   0.317000
3875000   0.321000
3877000   0.576000
3879000   0.320000
3881000   0.320000
3883000   0.317000
3885000   0.324000
3887000   0.375000
3889000   0.327000
3891000   0.325000
3893000   0.323000
3895000   0.317000
3897000   0.317000
3899000   0.317000
3901000   0.317000
3903000   0.322000
3905000   0.316000
3907000   0.329000
3909000   0.321000
3911000   0.318000
3913000   0.319000
3915000   0.339000
3917000   0.322000
3919000   0.321000
3921000   0.320000
3923000   0.344000
3925000   0.327000
3927000   0.319000
3929000   0.319000
3931000   0.338000
3933000   0.320000
3935000   0.321000
3937000   0.318000
3939000   0.320000
3941000   0.321000
3943000   0.326000
3945000   0.356000
3947000   0.308000
3949000   0.321000
3951000   0.306000
3953000   0.312000
3955000   0.318000
3957000   0.302000
3959000   0.294000
3961000   0.382000
3963000   0.319000
3965000   0.332000
3967000   0.319000
3969000   0.282000
3971000   0.340000
3973000   0.315000
3975000   0.306000
3977000   0.311000
3979000   0.329000
3981000   0.319000
3983000   0.315000
3985000   0.324000
3987000   0.303000
3989000   0.339000
3991000   0.320000
3993000   0.334000
3995000   0.319000
3997000   0.331000
3999000   0.302000
4001000   0.320000
4003000   0.320000
4005000   0.319000
4007000   0.321000
4009000   0.310000
4011000   0.299000
4013000   0.324000
4015000   0.321000
4017000   0.319000
4019000   0.322000
4021000   0.571000
4023000   0.318000
4025000   0.317000
4027000   0.321000
4029000   0.364000
4031000   0.323000
4033000   0.326000
4035000   0.320000
4037000   0.323000
4039000   0.321000
4041000   0.323000
4043000   0.855000
4045000   0.322000
4047000   0.299000
4049000   0.331000
4051000   0.592000
4053000   0.331000
4055000   0.321000
4057000   0.338000
4059000   0.322000
4061000   0.408000
4063000   0.301000
4065000   0.332000
4067000   0.315000
4069000   0.299000
4071000   0.323000
4073000   0.323000
4075000   0.304000
4077000   0.320000
4079000   0.322000
4081000   0.318000
4083000   0.321000
4085000   0.323000
4087000   0.301000
4089000   0.340000
4091000   0.300000
4093000   0.319000
4095000   0.318000
4097000   0.309000
4099000   0.317000
4101000   0.324000
4103000   0.321000
4105000   0.444000
4107000   0.320000
4109000   0.321000
4111000   0.319000
4113000   0.322000
4115000   0.323000
4117000   0.324000
4119000   0.325000
4121000   0.322000
4123000   0.318000
4125000   0.318000
4127000   0.319000
4129000   0.312000
4131000   0.320000
4133000   0.302000
4135000   0.322000
4137000   0.341000
4139000   0.322000
4141000   0.304000
4143000   0.322000
4145000   0.308000
4147000   0.320000
4149000   0.319000
4151000   0.319000
4153000   0.320000
4155000   0.323000
4157000   0.308000
4159000   0.321000
4161000   0.352000
4163000   0.321000
4165000   0.322000
4167000   0.319000
4169000   0.323000
4171000   0.326000
4173000   0.324000
4175000   0.322000
4177000   0.318000
4179000   0.326000
4181000   0.321000
4183000   0.351000
4185000   0.303000
4187000   0.316000
4189000   0.300000
4191000   0.305000
4193000   0.345000
4195000   0.345000
4197000   0.335000
4199000   0.318000
4201000   0.340000
4203000   0.337000
4205000   0.317000
4207000   0.324000
4209000   0.313000
4211000   0.312000
4213000   0.314000
4215000   0.317000
4217000   0.309000
4219000   0.348000
4221000   0.315000
4223000   0.305000
4225000   0.313000
4227000   0.311000
4229000   0.309000
4231000   0.310000
4233000   0.312000
4235000   0.331000
4237000   0.311000
4239000   0.314000
4241000   0.312000
4243000   0.313000
4245000   0.311000
4247000   0.295000
4249000   0.587000
4251000   0.335000
4253000   0.322000
4255000   0.314000
4257000   0.313000
4259000   0.312000
4261000   0.313000
4263000   0.323000
4265000   0.285000
4267000   0.323000
4269000   0.410000
4271000   0.336000
4273000   0.317000
4275000   0.309000
4277000   0.588000
4279000   0.331000
4281000   0.329000
4283000   0.325000
4285000   0.332000
4287000   0.354000
4289000   0.311000
4291000   0.302000
4293000   0.292000
4295000   0.608000
4297000   0.569000
4299000   0.334000
4301000   0.317000
4303000   0.314000
4305000   0.315000
4307000   0.302000
4309000   0.576000
4311000   0.388000
4313000   0.290000
4315000   0.328000
4317000   0.336000
4319000   0.336000
4321000   0.343000
4323000   0.314000
4325000   0.297000
4327000   0.594000
4329000   0.335000
4331000   0.319000
4333000   0.314000
4335000   0.344000
4337000   0.360000
4339000   0.334000
4341000   0.317000
4343000   0.350000
4345000   0.330000
4347000   0.334000
4349000   0.307000
4351000   0.327000
4353000   0.308000
4355000   0.330000
4357000   0.603000
4359000   0.310000
4361000   0.355000
4363000   0.366000
4365000   0.331000
4367000   0.367000
4369000   0.316000
4371000   0.499000
4373000   0.309000
4375000   0.333000
4377000   0.308000
4379000   0.337000
4381000   0.302000
4383000   0.331000
4385000   0.340000
4387000   0.319000
4389000   0.555000
4391000   0.312000
4393000   0.335000
4395000   0.319000
4397000   0.339000
4399000   0.314000
4401000   0.317000
4403000   0.601000
4405000   0.314000
4407000   0.601000
4409000   0.313000
4411000   0.545000
4413000   0.341000
4415000   0.329000
4417000   0.335000
4419000   0.336000
4421000   0.309000
4423000   0.624000
4425000   0.357000
4427000   0.322000
4429000   0.569000
4431000   0.312000
4433000   0.592000
4435000   0.309000
4437000   0.603000
4439000   0.333000
4441000   0.310000
4443000   0.337000
4445000   0.311000
4447000   0.373000
4449000   0.321000
4451000   0.309000
4453000   0.606000
4455000   0.316000
4457000   0.305000
4459000   0.335000
4461000   0.310000
4463000   0.340000
4465000   1.260000
4467000   0.322000
4469000   0.307000
4471000   0.351000
4473000   0.309000
4475000   0.336000
4477000   0.345000
4479000   0.336000
4481000   0.315000
4483000   0.622000
4485000   0.419000
4487000   0.319000
4489000   0.310000
4491000   0.335000
4493000   0.305000
4495000   0.314000
4497000   0.338000
4499000   0.304000
4501000   0.314000
4503000   0.333000
4505000   0.309000
4507000   0.321000
4509000   0.305000
4511000   0.315000
4513000   0.312000
4515000   0.319000
4517000   0.337000
4519000   0.316000
4521000   0.318000
4523000   0.337000
4525000   0.304000
4527000   0.312000
4529000   0.338000
4531000   0.319000
4533000   0.321000
4535000   0.337000
4537000   0.304000
4539000   0.333000
4541000   0.316000
4543000   0.342000
4545000   0.357000
4547000   0.311000
4549000   0.315000
4551000   0.334000
4553000   0.301000
4555000   0.310000
4557000   0.323000
4559000   0.311000
4561000   0.339000
4563000   0.323000
4565000   0.333000
4567000   0.320000
4569000   0.305000
4571000   0.313000
4573000   0.321000
4575000   0.575000
4577000   0.307000
4579000   0.313000
4581000   0.340000
4583000   0.311000
4585000   0.336000
4587000   0.312000
4589000   0.400000
4591000   0.336000
4593000   0.313000
4595000   0.356000
4597000   0.356000
4599000   0.361000
4601000   0.352000
4603000   0.366000
4605000   0.349000
4607000   0.329000
4609000   0.595000
4611000   0.315000
4613000   0.567000
4615000   0.312000
4617000   0.334000
4619000   0.327000
4621000   0.347000
4623000   0.609000
4625000   0.319000
4627000   0.617000
4629000   0.313000
4631000   0.314000
4633000   0.368000
4635000   0.345000
4637000   0.308000
4639000   0.320000
4641000   0.323000
4643000   0.310000
4645000   0.378000
4647000   0.308000
4649000   0.321000
4651000   0.328000
4653000   0.315000
4655000   0.373000
4657000   0.309000
4659000   0.313000
4661000   0.375000
4663000   0.356000
4665000   0.326000
4667000   0.353000
4669000   0.309000
4671000   0.316000
4673000   0.337000
4675000   0.337000
4677000   0.310000
4679000   0.323000
4681000   0.311000
4683000   0.314000
4685000   0.343000
4687000   0.337000
4689000   0.327000
4691000   0.327000
4693000   0.389000
4695000   0.342000
4697000   0.313000
4699000   0.336000
4701000   0.324000
4703000   0.311000
4705000   0.334000
4707000   0.319000
4709000   0.335000
4711000   0.311000
4713000   0.315000
4715000   0.320000
4717000   0.337000
4719000   0.306000
4721000   0.311000
4723000   0.309000
4725000   0.314000
4727000   0.324000
4729000   0.325000
4731000   0.338000
4733000   0.317000
4735000   0.318000
4737000   0.325000
4739000   0.335000
4741000   0.338000
4743000   0.339000
4745000   0.337000
4747000   0.318000
4749000   0.339000
4751000   0.316000
4753000   0.315000
4755000   0.316000
4757000   0.332000
4759000   0.349000
4761000   0.313000
4763000   0.308000
4765000   0.310000
4767000   0.320000
4769000   0.314000
4771000   0.309000
4773000   0.304000
4775000   0.314000
4777000   0.308000
4779000   0.311000
4781000   0.307000
4783000   0.309000
4785000   0.310000
4787000   0.351000
4789000   0.339000
4791000   0.307000
4793000   0.304000
4795000   0.311000
4797000   0.308000
4799000   0.314000
4801000   0.312000
4803000   0.312000
4805000   0.323000
4807000   0.310000
4809000   0.312000
4811000   0.312000
4813000   0.364000
4815000   0.314000
4817000   0.310000
4819000   0.301000
4821000   0.354000
4823000   0.330000
4825000   0.316000
4827000   0.308000
4829000   0.310000
4831000   0.315000
4833000   0.314000
4835000   0.314000
4837000   0.314000
4839000   0.307000
4841000   0.309000
4843000   0.337000
4845000   0.347000
4847000   0.353000
4849000   0.548000
4851000   0.313000
4853000   0.310000
4855000   0.316000
4857000   0.307000
4859000   0.309000
4861000   0.345000
4863000   0.364000
4865000   0.306000
4867000   0.310000
4869000   0.309000
4871000   0.301000
4873000   0.320000
4875000   0.302000
4877000   0.305000
4879000   0.302000
4881000   0.307000
4883000   0.308000
4885000   0.311000
4887000   0.334000
4889000   0.331000
4891000   0.376000
4893000   0.321000
4895000   0.330000
4897000   0.332000
4899000   0.307000
4901000   0.303000
4903000   0.304000
4905000   0.314000
4907000   0.310000
4909000   0.345000
4911000   0.309000
4913000   0.307000
4915000   0.324000
4917000   0.312000
4919000   0.308000
4921000   0.308000
4923000   0.311000
4925000   0.321000
4927000   0.361000
4929000   0.333000
4931000   0.326000
4933000   0.310000
4935000   0.308000
4937000   0.312000
4939000   0.343000
4941000   0.340000
4943000   0.322000
4945000   0.437000
4947000   0.348000
4949000   0.311000
4951000   0.319000
4953000   0.324000
4955000   0.305000
4957000   0.327000
4959000   0.313000
4961000   0.310000
4963000   0.551000
4965000   0.307000
4967000   0.305000
4969000   0.309000
4971000   0.309000
4973000   0.306000
4975000   0.471000
4977000   0.350000
4979000   0.309000
4981000   0.355000
4983000   0.334000
4985000   0.323000
4987000   0.320000
4989000   0.290000
4991000   0.325000
4993000   0.312000
4995000   0.310000
4997000   0.333000
4999000   0.680000
5001000   0.318000
5003000   0.323000
5005000   0.305000
5007000   0.617000
5009000   0.313000
5011000   0.658000
5013000   0.327000
5015000   0.306000
5017000   0.307000
5019000   0.311000
5021000   0.307000
5023000   0.328000
5025000   0.612000
5027000   0.360000
5029000   0.313000
5031000   0.308000
5033000   0.334000
5035000   0.358000
5037000   0.305000
5039000   0.337000
5041000   0.304000
5043000   0.305000
5045000   0.311000
5047000   0.304000
5049000   0.306000
5051000   0.313000
5053000   0.365000
5055000   0.595000
5057000   0.626000
5059000   0.316000
5061000   0.305000
5063000   0.307000
5065000   0.341000
5067000   0.307000
5069000   0.310000
5071000   0.310000
5073000   0.306000
5075000   0.309000
5077000   0.308000
5079000   0.309000
5081000   0.315000
5083000   0.309000
5085000   0.302000
5087000   0.310000
5089000   0.308000
5091000   0.330000
5093000   0.318000
5095000   0.310000
5097000   0.310000
5099000   0.309000
5101000   0.329000
5103000   0.308000
5105000   0.305000
5107000   0.306000
5109000   0.312000
5111000   0.333000
5113000   0.312000
5115000   0.310000
5117000   0.313000
5119000   0.314000
5121000   0.501000
5123000   0.351000
5125000   0.412000
5127000   0.306000
5129000   0.309000
5131000   0.306000
5133000   0.315000
5135000   0.631000
5137000   0.685000
5139000   0.304000
5141000   0.311000
5143000   0.325000
5145000   0.310000
5147000   0.304000
5149000   0.305000
5151000   0.304000
5153000   0.308000
5155000   0.314000
5157000   0.305000
5159000   0.314000
5161000   0.299000
5163000   0.319000
5165000   0.303000
5167000   0.301000
5169000   0.307000
5171000   0.305000
5173000   0.307000
5175000   0.343000
5177000   0.305000
5179000   0.353000
5181000   0.346000
5183000   0.308000
5185000   0.306000
5187000   0.327000
5189000   0.307000
5191000   0.310000
5193000   0.308000
5195000   0.326000
5197000   0.312000
5199000   0.304000
5201000   0.308000
5203000   0.353000
5205000   0.374000
5207000   0.332000
5209000   0.324000
5211000   0.329000
5213000   0.348000
5215000   0.316000
5217000   0.307000
5219000   0.342000
5221000   0.638000
5223000   0.634000
5225000   0.308000
5227000   0.313000
5229000   0.327000
5231000   0.648000
5233000   0.668000
5235000   0.645000
5237000   0.341000
5239000   0.627000
5241000   0.629000
5243000   0.309000
5245000   0.614000
5247000   0.347000
5249000   0.624000
5251000   0.449000
5253000   0.319000
5255000   0.310000
5257000   0.305000
5259000   0.310000
5261000   0.303000
5263000   0.303000
5265000   0.346000
5267000   0.339000
5269000   0.539000
5271000   0.309000
5273000   0.309000
5275000   0.324000
5277000   0.304000
5279000   0.325000
5281000   0.307000
5283000   0.321000
5285000   0.307000
5287000   0.303000
5289000   0.303000
5291000   0.306000
5293000   0.306000
5295000   0.307000
5297000   0.304000
5299000   0.344000
5301000   0.313000
5303000   0.308000
5305000   0.375000
5307000   0.306000
5309000   0.318000
5311000   0.302000
5313000   0.319000
5315000   0.304000
5317000   0.346000
5319000   0.307000
5321000   0.309000
5323000   0.346000
5325000   0.308000
5327000   0.308000
5329000   0.312000
5331000   0.301000
5333000   0.305000
5335000   0.309000
5337000   0.318000
5339000   0.304000
5341000   0.308000
5343000   0.341000
5345000   0.341000
5347000   0.314000
5349000   0.389000
5351000   0.309000
5353000   0.360000
5355000   0.345000
5357000   0.313000
5359000   0.389000
5361000   0.343000
5363000   0.664000
5365000   0.343000
5367000   0.338000
5369000   0.642000
5371000   0.647000
5373000   0.315000
5375000   0.309000
5377000   0.305000
5379000   0.351000
5381000   0.328000
5383000   0.355000
5385000   0.667000
5387000   0.640000
5389000   0.305000
5391000   0.533000
5393000   0.483000
5395000   0.346000
5397000   0.329000
5399000   0.313000
5401000   0.305000
5403000   0.307000
5405000   0.381000
5407000   0.304000
5409000   0.638000
5411000   0.305000
5413000   0.606000
5415000   0.627000
5417000   0.636000
5419000   0.401000
5421000   0.310000
5423000   0.315000
5425000   0.329000
5427000   0.304000
5429000   0.340000
5431000   0.298000
5433000   0.310000
5435000   0.345000
5437000   0.637000
5439000   0.314000
5441000   0.342000
5443000   0.342000
5445000   0.320000
5447000   0.367000
5449000   0.345000
5451000   0.382000
5453000   0.359000
5455000   0.342000
5457000   0.361000
5459000   0.342000
5461000   0.359000
5463000   0.345000
5465000   0.626000
5467000   0.341000
5469000   0.344000
5471000   0.369000
5473000   0.344000
5475000   0.641000
5477000   0.345000
5479000   0.366000
5481000   0.635000
5483000   0.310000
5485000   0.644000
5487000   0.642000
5489000   0.337000
5491000   0.308000
5493000   0.311000
5495000   0.476000
5497000   0.347000
5499000   0.319000
5501000   0.634000
5503000   0.365000
5505000   0.324000
5507000   0.634000
5509000   0.351000
5511000   0.339000
5513000   0.625000
5515000   0.624000
5517000   0.622000
5519000   0.332000
5521000   0.386000
5523000   0.633000
5525000   0.342000
5527000   0.342000
5529000   0.342000
5531000   0.344000
5533000   0.352000
5535000   0.314000
5537000   0.368000
5539000   0.650000
5541000   0.421000
5543000   0.361000
5545000   0.314000
5547000   0.631000
5549000   0.342000
5551000   0.342000
5553000   0.330000
5555000   0.352000
5557000   0.342000
5559000   0.353000
5561000   0.380000
5563000   0.334000
5565000   0.317000
5567000   0.342000
5569000   0.341000
5571000   0.351000
5573000   0.345000
5575000   0.338000
5577000   0.343000
5579000   0.333000
5581000   0.312000
5583000   0.375000
5585000   0.340000
5587000   0.326000
5589000   0.325000
5591000   0.384000
5593000   0.310000
5595000   0.323000
5597000   0.341000
5599000   0.628000
5601000   0.343000
5603000   0.632000
5605000   0.315000
5607000   0.343000
5609000   0.310000
5611000   0.313000
5613000   0.310000
5615000   0.343000
5617000   0.349000
5619000   0.312000
5621000   0.346000
5623000   0.343000
5625000   0.342000
5627000   0.314000
5629000   0.325000
5631000   0.347000
5633000   0.341000
5635000   0.308000
5637000   0.311000
5639000   0.316000
5641000   0.314000
5643000   0.307000
5645000   0.319000
5647000   0.342000
5649000   0.343000
5651000   0.343000
5653000   0.364000
5655000   0.385000
5657000   0.633000
5659000   0.610000
5661000   0.594000
5663000   0.487000
5665000   0.628000
5667000   0.343000
5669000   0.344000
5671000   0.341000
5673000   0.345000
5675000   0.342000
5677000   0.340000
5679000   0.373000
5681000   0.345000
5683000   0.338000
5685000   0.339000
5687000   0.331000
5689000   0.319000
5691000   0.669000
5693000   0.342000
5695000   0.504000
5697000   0.314000
5699000   0.311000
5701000   0.348000
5703000   0.361000
5705000   0.643000
5707000   0.311000
5709000   0.364000
5711000   0.316000
5713000   0.344000
5715000   0.345000
5717000   0.345000
5719000   0.313000
5721000   0.322000
5723000   0.317000
5725000   0.321000
5727000   0.315000
5729000   0.362000
5731000   0.344000
5733000   0.314000
5735000   0.354000
5737000   0.345000
5739000   0.340000
5741000   0.342000
5743000   0.347000
5745000   0.347000
5747000   0.451000
5749000   0.398000
5751000   0.345000
5753000   0.345000
5755000   0.341000
5757000   0.368000
5759000   0.326000
5761000   0.331000
5763000   0.334000
5765000   0.647000
5767000   0.345000
5769000   0.344000
5771000   0.344000
5773000   0.343000
5775000   0.329000
5777000   0.327000
5779000   0.332000
5781000   0.315000
5783000   0.341000
5785000   0.344000
5787000   0.656000
5789000   0.663000
5791000   0.627000
5793000   0.312000
5795000   0.648000
5797000   0.658000
5799000   0.375000
5801000   0.534000
5803000   0.655000
5805000   0.389000
5807000   0.346000
5809000   0.649000
5811000   0.346000
5813000   0.384000
5815000   0.656000
5817000   0.417000
5819000   0.452000
5821000   0.451000
5823000   0.346000
5825000   0.343000
5827000   0.366000
5829000   0.348000
5831000   0.328000
5833000   0.667000
5835000   0.344000
5837000   0.387000
5839000   0.332000
5841000   0.652000
5843000   0.341000
5845000   0.322000
5847000   0.341000
5849000   0.438000
5851000   0.329000
5853000   0.345000
5855000   0.318000
5857000   0.337000
5859000   0.328000
5861000   0.329000
5863000   0.351000
5865000   0.328000
5867000   0.310000
5869000   0.644000
5871000   0.361000
5873000   0.479000
5875000   0.340000
5877000   0.377000
5879000   0.330000
5881000   0.516000
5883000   0.864000
5885000   0.558000
5887000   0.468000
5889000   0.592000
5891000   0.509000
5893000   0.624000
5895000   0.451000
5897000   0.377000
5899000   0.598000
5901000   0.364000
5903000   0.328000
5905000   0.345000
5907000   0.345000
5909000   0.336000
5911000   0.349000
5913000   0.324000
5915000   0.348000
5917000   0.326000
5919000   0.640000
5921000   0.336000
5923000   0.328000
5925000   0.653000
5927000   0.346000
5929000   0.325000
5931000   0.308000
5933000   0.652000
5935000   0.330000
5937000   0.333000
5939000   0.334000
5941000   0.331000
5943000   0.654000
5945000   0.345000
5947000   0.655000
5949000   0.337000
5951000   0.330000
5953000   0.647000
5955000   0.376000
5957000   0.330000
5959000   0.336000
5961000   0.345000
5963000   0.326000
5965000   0.512000
5967000   0.332000
5969000   0.347000
5971000   0.327000
5973000   0.337000
5975000   0.349000
5977000   0.330000
5979000   0.635000
5981000   0.344000
5983000   0.342000
5985000   0.310000
5987000   0.476000
5989000   0.326000
5991000   0.463000
5993000   0.342000
5995000   0.395000
5997000   0.521000
5999000   0.325000
6001000   0.348000
6003000   0.327000
6005000   0.346000
6007000   0.333000
6009000   0.369000
6011000   0.340000
6013000   0.352000
6015000   0.397000
6017000   0.329000
6019000   0.337000
6021000   0.344000
6023000   0.322000
6025000   0.356000
6027000   0.330000
6029000   0.331000
6031000   0.348000
6033000   0.326000
6035000   0.327000
6037000   0.329000
6039000   0.439000
6041000   0.345000
6043000   0.343000
6045000   0.329000
6047000   0.401000
6049000   0.333000
6051000   0.451000
6053000   0.318000
6055000   0.329000
6057000   0.344000
6059000   0.327000
6061000   0.345000
6063000   0.323000
6065000   0.348000
6067000   0.342000
6069000   0.342000
6071000   0.363000
6073000   0.330000
6075000   0.349000
6077000   0.321000
6079000   0.344000
6081000   0.319000
6083000   0.326000
6085000   0.334000
6087000   0.328000
6089000   0.350000
6091000   0.347000
6093000   0.326000
6095000   0.341000
6097000   0.345000
6099000   0.329000
6101000   0.407000
6103000   0.326000
6105000   0.487000
6107000   0.329000
6109000   0.482000
6111000   0.364000
6113000   0.347000
6115000   0.328000
6117000   0.662000
6119000   0.331000
6121000   0.672000
6123000   0.327000
6125000   0.358000
6127000   0.331000
6129000   0.533000
6131000   0.371000
6133000   0.328000
6135000   0.337000
6137000   0.341000
6139000   0.391000
6141000   0.340000
6143000   0.963000
6145000   0.476000
6147000   0.497000
6149000   0.457000
6151000   0.496000
6153000   0.551000
6155000   0.505000
6157000   0.493000
6159000   0.330000
6161000   0.363000
6163000   0.320000
6165000   0.347000
6167000   0.328000
6169000   0.343000
6171000   0.330000
6173000   0.348000
6175000   0.346000
6177000   0.332000
6179000   0.333000
6181000   0.327000
6183000   0.328000
6185000   0.326000
6187000   0.320000
6189000   0.328000
6191000   0.325000
6193000   0.332000
6195000   0.330000
6197000   0.326000
6199000   0.330000
6201000   0.348000
6203000   0.344000
6205000   0.589000
6207000   0.526000
6209000   0.556000
6211000   0.529000
6213000   0.406000
6215000   0.341000
6217000   0.322000
6219000   0.333000
6221000   0.350000
6223000   0.619000
6225000   0.347000
6227000   0.346000
6229000   0.495000
6231000   0.328000
6233000   0.349000
6235000   0.370000
6237000   0.329000
6239000   0.379000
6241000   0.362000
6243000   0.322000
6245000   0.351000
6247000   0.544000
6249000   0.326000
6251000   0.349000
6253000   0.330000
6255000   0.347000
6257000   0.664000
6259000   0.327000
6261000   0.331000
6263000   0.349000
6265000   0.343000
6267000   0.663000
6269000   0.333000
6271000   0.369000
6273000   0.326000
6275000   0.358000
6277000   0.346000
6279000   0.344000
6281000   0.346000
6283000   0.345000
6285000   0.340000
6287000   0.382000
6289000   0.330000
6291000   0.330000
6293000   0.329000
6295000   0.345000
6297000   0.342000
6299000   0.346000
6301000   0.329000
6303000   0.327000
6305000   0.327000
6307000   0.326000
6309000   0.324000
6311000   0.326000
6313000   0.328000
6315000   0.325000
6317000   0.323000
6319000   0.324000
6321000   0.330000
6323000   0.345000
6325000   0.340000
6327000   0.331000
6329000   0.328000
6331000   0.326000
6333000   0.319000
6335000   0.325000
6337000   0.324000
6339000   0.335000
6341000   0.325000
6343000   0.329000
6345000   0.324000
6347000   0.320000
6349000   0.367000
6351000   0.364000
6353000   0.342000
6355000   0.421000
6357000   0.347000
6359000   0.328000
6361000   0.326000
6363000   0.330000
6365000   0.324000
6367000   0.337000
6369000   0.349000
6371000   0.334000
6373000   0.333000
6375000   0.331000
6377000   0.329000
6379000   0.324000
6381000   0.321000
6383000   0.324000
6385000   0.329000
6387000   0.332000
6389000   0.322000
6391000   0.325000
6393000   0.325000
6395000   0.326000
6397000   0.326000
6399000   0.326000
6401000   0.321000
6403000   0.325000
6405000   0.328000
6407000   0.332000
6409000   0.404000
6411000   0.496000
6413000   0.328000
6415000   0.327000
6417000   0.324000
6419000   0.331000
6421000   0.326000
6423000   0.335000
6425000   0.324000
6427000   0.351000
6429000   0.338000
6431000   0.345000
6433000   0.436000
6435000   0.361000
6437000   0.329000
6439000   0.331000
6441000   0.345000
6443000   0.333000
6445000   0.331000
6447000   0.347000
6449000   0.351000
6451000   0.395000
6453000   0.395000
6455000   0.333000
6457000   0.328000
6459000   0.327000
6461000   0.344000
6463000   0.327000
6465000   0.343000
6467000   0.350000
6469000   0.319000
6471000   0.407000
6473000   0.324000
6475000   0.336000
6477000   0.331000
6479000   0.325000
6481000   0.345000
6483000   0.321000
6485000   0.330000
6487000   0.321000
6489000   0.331000
6491000   0.505000
6493000   0.325000
6495000   0.556000
6497000   0.327000
6499000   0.325000
6501000   0.324000
6503000   0.360000
6505000   0.326000
6507000   0.327000
6509000   0.324000
6511000   0.328000
6513000   0.328000
6515000   0.456000
6517000   0.493000
6519000   0.454000
6521000   0.429000
6523000   0.347000
6525000   0.347000
6527000   0.325000
6529000   0.325000
6531000   0.326000
6533000   0.319000
6535000   0.322000
6537000   0.324000
6539000   0.327000
6541000   0.328000
6543000   0.328000
6545000   0.331000
6547000   0.327000
6549000   0.332000
6551000   0.366000
6553000   0.337000
6555000   0.432000
6557000   0.325000
6559000   0.326000
6561000   0.330000
6563000   0.343000
6565000   0.381000
6567000   0.322000
6569000   0.324000
6571000   0.332000
6573000   0.326000
6575000   0.325000
6577000   0.319000
6579000   0.368000
6581000   0.322000
6583000   0.318000
6585000   0.414000
6587000   0.311000
6589000   0.331000
6591000   0.328000
6593000   0.321000
6595000   0.344000
6597000   0.322000
6599000   0.323000
6601000   0.321000
6603000   0.350000
6605000   0.340000
6607000   0.491000
6609000   0.330000
6611000   0.325000
6613000   0.324000
6615000   0.345000
6617000   0.321000
6619000   0.318000
6621000   0.323000
6623000   0.322000
6625000   0.323000
6627000   0.322000
6629000   0.364000
6631000   0.326000
6633000   0.325000
6635000   0.327000
6637000   0.321000
6639000   0.341000
6641000   0.322000
6643000   0.341000
6645000   0.328000
6647000   0.321000
6649000   0.323000
6651000   0.322000
6653000   0.537000
6655000   0.320000
6657000   0.342000
6659000   0.398000
6661000   0.480000
6663000   0.524000
6665000   0.324000
6667000   0.395000
6669000   0.536000
6671000   0.523000
6673000   0.323000
6675000   0.476000
6677000   0.351000
6679000   0.321000
6681000   0.327000
6683000   0.325000
6685000   0.330000
6687000   0.332000
6689000   0.323000
6691000   0.383000
6693000   0.318000
6695000   0.320000
6697000   0.325000
6699000   0.326000
6701000   0.324000
6703000   0.342000
6705000   0.323000
6707000   0.323000
6709000   0.320000
6711000   0.323000
6713000   0.324000
6715000   0.327000
6717000   0.322000
6719000   0.679000
6721000   0.330000
6723000   0.342000
6725000   0.319000
6727000   0.321000
6729000   0.323000
6731000   0.327000
6733000   0.322000
6735000   0.325000
6737000   0.323000
6739000   0.320000
6741000   0.344000
6743000   0.317000
6745000   0.321000
6747000   0.323000
6749000   0.322000
6751000   0.324000
6753000   0.326000
6755000   0.338000
6757000   0.322000
6759000   0.338000
6761000   0.319000
6763000   0.320000
6765000   0.335000
6767000   0.341000
6769000   0.329000
6771000   0.327000
6773000   0.324000
6775000   0.323000
6777000   0.325000
6779000   0.323000
6781000   0.322000
6783000   0.358000
6785000   0.322000
6787000   0.322000
6789000   0.421000
6791000   0.319000
6793000   0.321000
6795000   0.318000
6797000   0.321000
6799000   0.326000
6801000   0.322000
6803000   0.322000
6805000   0.318000
6807000   0.336000
6809000   0.329000
6811000   0.353000
6813000   0.444000
6815000   0.394000
6817000   0.326000
6819000   0.339000
6821000   0.358000
6823000   0.318000
6825000   0.321000
6827000   0.318000
6829000   0.331000
6831000   0.325000
6833000   0.348000
6835000   0.326000
6837000   0.408000
6839000   0.327000
6841000   0.325000
6843000   0.468000
6845000   0.469000
6847000   0.322000
6849000   0.323000
6851000   0.321000
6853000   0.325000
6855000   0.319000
6857000   0.331000
6859000   0.338000
6861000   0.321000
6863000   0.490000
6865000   0.322000
6867000   0.337000
6869000   0.322000
6871000   0.344000
6873000   0.323000
6875000   0.324000
6877000   0.321000
6879000   0.360000
6881000   0.319000
6883000   0.323000
6885000   0.325000
6887000   0.323000
6889000   0.351000
6891000   0.678000
6893000   1.038000
6895000   0.574000
6897000   0.580000
6899000   0.511000
6901000   0.532000
6903000   0.421000
6905000   0.478000
6907000   0.321000
6909000   0.321000
6911000   0.324000
6913000   0.327000
6915000   0.322000
6917000   0.327000
6919000   0.321000
6921000   0.321000
6923000   0.321000
6925000   0.323000
6927000   0.322000
6929000   0.327000
6931000   0.323000
6933000   0.338000
6935000   0.326000
6937000   0.455000
6939000   0.441000
6941000   0.323000
6943000   0.322000
6945000   0.320000
6947000   0.317000
6949000   0.325000
6951000   0.365000
6953000   0.322000
6955000   0.320000
6957000   0.322000
6959000   0.323000
6961000   0.321000
6963000   0.366000
6965000   0.321000
6967000   0.332000
6969000   0.319000
6971000   0.321000
6973000   0.320000
6975000   0.321000
6977000   0.349000
6979000   0.696000
6981000   0.342000
6983000   0.323000
6985000   0.322000
6987000   0.323000
6989000   0.327000
6991000   0.324000
6993000   0.350000
6995000   0.325000
6997000   0.672000
6999000   0.682000
7001000   0.321000
7003000   0.320000
7005000   0.669000
7007000   0.670000
7009000   0.374000
7011000   0.321000
7013000   0.322000
7015000   0.340000
7017000   0.319000
7019000   0.318000
7021000   0.321000
7023000   0.339000
7025000   0.588000
7027000   0.319000
7029000   0.328000
7031000   0.323000
7033000   0.320000
7035000   0.649000
7037000   0.368000
7039000   0.322000
7041000   0.323000
7043000   0.316000
7045000   0.572000
7047000   0.652000
7049000   0.363000
7051000   0.347000
7053000   0.318000
7055000   0.320000
7057000   0.320000
7059000   0.351000
7061000   0.400000
7063000   0.341000
7065000   0.346000
7067000   0.320000
7069000   0.341000
7071000   0.326000
7073000   0.349000
7075000   0.351000
7077000   0.349000
7079000   0.353000
7081000   0.351000
7083000   0.324000
7085000   0.359000
7087000   0.344000
7089000   0.315000
7091000   0.348000
7093000   0.326000
7095000   0.321000
7097000   0.624000
7099000   0.353000
7101000   0.354000
7103000   0.321000
7105000   0.358000
7107000   0.352000
7109000   0.324000
7111000   0.318000
7113000   0.319000
7115000   0.328000
7117000   0.364000
7119000   0.321000
7121000   0.674000
7123000   0.322000
7125000   0.682000
7127000   0.325000
7129000   0.319000
7131000   0.320000
7133000   0.319000
7135000   0.317000
7137000   0.324000
7139000   0.409000
7141000   0.664000
7143000   0.610000
7145000   0.679000
7147000   0.351000
7149000   0.671000
7151000   0.352000
7153000   0.681000
7155000   0.349000
7157000   0.329000
7159000   0.319000
7161000   0.408000
7163000   0.486000
7165000   0.348000
7167000   0.347000
7169000   0.693000
7171000   0.669000
7173000   0.694000
7175000   0.675000
7177000   0.681000
7179000   0.682000
7181000   0.682000
7183000   0.450000
7185000   0.322000
7187000   0.719000
7189000   0.324000
7191000   0.445000
7193000   0.345000
7195000   0.322000
7197000   0.319000
7199000   0.318000
7201000   0.318000
7203000   0.323000
7205000   0.353000
7207000   0.330000
7209000   0.355000
7211000   0.319000
7213000   0.350000
7215000   0.344000
7217000   0.333000
7219000   0.351000
7221000   0.337000
7223000   0.674000
7225000   0.347000
7227000   0.335000
7229000   0.355000
7231000   0.661000
7233000   0.324000
7235000   0.318000
7237000   0.348000
7239000   0.435000
7241000   0.325000
7243000   0.350000
7245000   0.347000
7247000   0.318000
7249000   0.351000
7251000   0.681000
7253000   0.333000
7255000   0.320000
7257000   0.349000
7259000   0.349000
7261000   0.351000
7263000   0.352000
7265000   0.348000
7267000   0.352000
7269000   0.661000
7271000   0.328000
7273000   0.658000
7275000   0.388000
7277000   0.631000
7279000   0.329000
7281000   0.538000
7283000   0.352000
7285000   0.324000
7287000   0.338000
7289000   0.353000
7291000   0.353000
7293000   0.350000
7295000   0.353000
7297000   0.334000
7299000   0.337000
7301000   0.351000
7303000   0.342000
7305000   0.321000
7307000   0.325000
7309000   0.669000
7311000   0.321000
7313000   0.605000
7315000   0.321000
7317000   0.665000
7319000   0.454000
7321000   0.676000
7323000   0.546000
7325000   0.529000
7327000   0.326000
7329000   0.686000
7331000   0.557000
7333000   0.467000
7335000   0.511000
7337000   0.508000
7339000   0.622000
7341000   0.328000
7343000   0.325000
7345000   0.334000
7347000   0.352000
7349000   0.351000
7351000   0.655000
7353000   0.352000
7355000   0.671000
7357000   0.373000
7359000   0.320000
7361000   0.611000
7363000   0.672000
7365000   0.383000
7367000   0.695000
7369000   0.667000
7371000   0.354000
7373000   0.349000
7375000   0.350000
7377000   0.314000
7379000   0.324000
7381000   0.369000
7383000   0.327000
7385000   0.321000
7387000   0.362000
7389000   0.361000
7391000   0.350000
7393000   0.677000
7395000   0.353000
7397000   0.324000
7399000   0.351000
7401000   0.343000
7403000   0.351000
7405000   0.325000
7407000   0.355000
7409000   0.351000
7411000   0.350000
7413000   0.522000
7415000   0.354000
7417000   0.673000
7419000   0.354000
7421000   0.354000
7423000   0.582000
7425000   0.350000
7427000   0.353000
7429000   0.358000
7431000   0.349000
7433000   0.350000
7435000   0.355000
7437000   0.353000
7439000   0.352000
7441000   0.439000
7443000   0.355000
7445000   0.354000
7447000   0.421000
7449000   0.677000
7451000   0.340000
7453000   0.439000
7455000   0.326000
7457000   0.344000
7459000   0.337000
7461000   0.322000
7463000   0.371000
7465000   0.342000
7467000   0.358000
7469000   0.373000
7471000   0.351000
7473000   0.354000
7475000   0.361000
7477000   0.339000
7479000   0.350000
7481000   0.345000
7483000   0.355000
7485000   0.335000
7487000   0.351000
7489000   0.711000
7491000   0.325000
7493000   0.321000
7495000   0.339000
7497000   0.680000
7499000   0.391000
7501000   0.543000
7503000   0.351000
7505000   0.354000
7507000   0.352000
7509000   0.352000
7511000   0.364000
7513000   0.337000
7515000   0.352000
7517000   0.351000
7519000   0.318000
7521000   0.398000
7523000   0.318000
7525000   0.418000
7527000   0.363000
7529000   0.372000
7531000   0.336000
7533000   0.322000
7535000   0.345000
7537000   0.370000
7539000   0.373000
7541000   0.323000
7543000   0.324000
7545000   0.350000
7547000   0.429000
7549000   0.350000
7551000   0.341000
7553000   0.353000
7555000   0.368000
7557000   0.381000
7559000   0.547000
7561000   0.479000
7563000   0.426000
7565000   0.412000
7567000   0.660000
7569000   0.352000
7571000   0.352000
7573000   0.341000
7575000   0.375000
7577000   0.424000
7579000   0.390000
7581000   0.376000
7583000   0.359000
7585000   0.411000
7587000   0.331000
7589000   0.323000
7591000   0.363000
7593000   0.467000
7595000   0.331000
7597000   0.337000
7599000   0.347000
7601000   0.383000
7603000   0.351000
7605000   0.346000
7607000   0.352000
7609000   0.350000
7611000   0.356000
7613000   0.334000
7615000   0.350000
7617000   0.393000
7619000   0.367000
7621000   0.341000
7623000   0.347000
7625000   0.323000
7627000   0.356000
7629000   0.670000
7631000   0.374000
7633000   0.337000
7635000   0.363000
7637000   0.371000
7639000   0.338000
7641000   0.753000
7643000   0.328000
7645000   0.362000
7647000   0.333000
7649000   0.649000
7651000   0.357000
7653000   0.423000
7655000   0.330000
7657000   0.342000
7659000   0.331000
7661000   0.353000
7663000   0.454000
7665000   0.368000
7667000   0.356000
7669000   0.668000
7671000   0.360000
7673000   0.528000
7675000   0.335000
7677000   0.361000
7679000   0.349000
7681000   0.351000
7683000   0.351000
7685000   0.339000
7687000   0.668000
7689000   0.351000
7691000   0.331000
7693000   0.336000
7695000   0.373000
7697000   0.344000
7699000   0.355000
7701000   0.338000
7703000   0.374000
7705000   0.406000
7707000   0.375000
7709000   0.343000
7711000   0.403000
7713000   0.585000
7715000   0.352000
7717000   0.338000
7719000   0.350000
7721000   0.348000
7723000   0.331000
7725000   0.345000
7727000   0.342000
7729000   0.339000
7731000   0.333000
7733000   0.361000
7735000   0.403000
7737000   0.337000
7739000   0.349000
7741000   0.334000
7743000   0.328000
7745000   0.335000
7747000   0.345000
7749000   0.338000
7751000   0.460000
7753000   0.476000
7755000   0.362000
7757000   0.353000
7759000   0.336000
7761000   0.345000
7763000   0.455000
7765000   0.384000
7767000   0.352000
7769000   0.408000
7771000   0.333000
7773000   0.406000
7775000   0.481000
7777000   0.391000
7779000   0.373000
7781000   0.339000
7783000   0.327000
7785000   0.334000
7787000   0.364000
7789000   0.331000
7791000   0.332000
7793000   0.380000
7795000   0.420000
7797000   0.582000
7799000   0.331000
7801000   0.328000
7803000   0.407000
7805000   0.340000
7807000   0.370000
7809000   0.370000
7811000   0.350000
7813000   0.334000
7815000   0.324000
7817000   0.461000
7819000   0.346000
7821000   0.357000
7823000   0.347000
7825000   0.334000
7827000   0.377000
7829000   0.352000
7831000   0.338000
7833000   0.334000
7835000   0.339000
7837000   0.337000
7839000   0.337000
7841000   0.341000
7843000   0.340000
7845000   0.353000
7847000   0.372000
7849000   0.329000
7851000   0.341000
7853000   0.335000
7855000   0.330000
7857000   0.341000
7859000   0.774000
7861000   0.522000
7863000   0.348000
7865000   0.476000
7867000   0.447000
7869000   0.381000
7871000   0.519000
7873000   0.353000
7875000   0.423000
7877000   0.335000
7879000   0.351000
7881000   0.343000
7883000   0.457000
7885000   0.411000
7887000   0.394000
7889000   0.394000
7891000   0.367000
7893000   0.717000
7895000   0.333000
7897000   0.328000
7899000   0.340000
7901000   0.342000
7903000   0.332000
7905000   0.339000
7907000   0.354000
7909000   0.354000
7911000   0.382000
7913000   0.326000
7915000   0.327000
7917000   0.681000
7919000   0.332000
7921000   0.353000
7923000   0.349000
7925000   0.337000
7927000   0.326000
7929000   0.331000
7931000   0.334000
7933000   0.339000
7935000   0.335000
7937000   0.334000
7939000   0.334000
7941000   0.332000
7943000   0.646000
7945000   0.331000
7947000   0.332000
7949000   0.330000
7951000   0.332000
7953000   0.338000
7955000   0.333000
7957000   0.333000
7959000   0.333000
7961000   0.327000
7963000   0.353000
7965000   0.329000
7967000   0.328000
7969000   0.329000
7971000   0.329000
7973000   0.332000
7975000   0.334000
7977000   0.354000
7979000   0.345000
7981000   0.354000
7983000   0.339000
7985000   0.336000
7987000   0.353000
7989000   0.352000
7991000   0.339000
7993000   0.424000
7995000   0.333000
7997000   0.337000
7999000   0.340000
8001000   0.333000
8003000   0.336000
8005000   0.359000
8007000   0.352000
8009000   0.344000
8011000   0.348000
8013000   0.337000
8015000   0.358000
8017000   0.350000
8019000   0.334000
8021000   0.375000
8023000   0.349000
8025000   0.335000
8027000   0.334000
8029000   0.350000
8031000   0.339000
8033000   0.357000
8035000   0.351000
8037000   0.359000
8039000   0.336000
8041000   0.358000
8043000   0.356000
8045000   0.423000
8047000   0.352000
8049000   0.338000
8051000   0.360000
8053000   0.337000
8055000   0.336000
8057000   0.340000
8059000   0.650000
8061000   0.353000
8063000   0.335000
8065000   0.332000
8067000   0.335000
8069000   0.358000
8071000   0.340000
8073000   0.336000
8075000   0.337000
8077000   0.363000
8079000   0.336000
8081000   0.338000
8083000   0.353000
8085000   0.339000
8087000   0.335000
8089000   0.337000
8091000   0.336000
8093000   0.336000
8095000   0.331000
8097000   0.351000
8099000   0.360000
8101000   0.349000
8103000   0.338000
8105000   0.330000
8107000   0.332000
8109000   0.335000
8111000   0.333000
8113000   0.330000
8115000   0.339000
8117000   0.330000
8119000   0.330000
8121000   0.332000
8123000   0.513000
8125000   0.425000
8127000   0.425000
8129000   0.369000
8131000   0.334000
8133000   0.331000
8135000   0.333000
8137000   0.337000
8139000   0.341000
8141000   0.383000
8143000   0.395000
8145000   0.344000
8147000   0.335000
8149000   0.327000
8151000   0.327000
8153000   0.417000
8155000   0.330000
8157000   0.334000
8159000   0.454000
8161000   0.333000
8163000   0.335000
8165000   0.337000
8167000   0.334000
8169000   0.332000
8171000   0.337000
8173000   0.352000
8175000   0.337000
8177000   0.355000
8179000   0.331000
8181000   0.333000
8183000   0.332000
8185000   0.327000
8187000   0.338000
8189000   0.334000
8191000   0.345000
8193000   0.334000
8195000   0.333000
8197000   0.332000
8199000   0.332000
8201000   0.371000
8203000   0.336000
8205000   0.347000
8207000   0.333000
8209000   0.333000
8211000   0.331000
8213000   0.335000
8215000   0.373000
8217000   0.336000
8219000   0.371000
8221000   0.362000
8223000   0.410000
8225000   0.336000
8227000   0.333000
8229000   0.334000
8231000   0.331000
8233000   0.333000
8235000   0.332000
8237000   0.375000
8239000   0.456000
8241000   0.341000
8243000   0.352000
8245000   0.372000
8247000   0.335000
8249000   0.337000
8251000   0.335000
8253000   0.335000
8255000   0.333000
8257000   0.333000
8259000   0.334000
8261000   0.332000
8263000   0.327000
8265000   0.347000
8267000   0.373000
8269000   0.518000
8271000   0.328000
8273000   0.329000
8275000   0.328000
8277000   0.371000
8279000   0.328000
8281000   0.340000
8283000   0.342000
8285000   0.329000
8287000   0.330000
8289000   0.334000
8291000   0.366000
8293000   0.331000
8295000   0.333000
8297000   0.337000
8299000   0.326000
8301000   0.338000
8303000   0.328000
8305000   0.346000
8307000   0.356000
8309000   0.333000
8311000   0.331000
8313000   0.331000
8315000   0.359000
8317000   0.338000
8319000   0.326000
8321000   0.333000
8323000   0.351000
8325000   0.330000
8327000   0.330000
8329000   0.346000
8331000   0.352000
8333000   0.382000
8335000   0.365000
8337000   0.331000
8339000   0.352000
8341000   0.334000
8343000   0.353000
8345000   0.336000
8347000   0.352000
8349000   0.334000
8351000   0.358000
8353000   0.328000
8355000   0.331000
8357000   0.328000
8359000   0.330000
8361000   0.329000
8363000   0.334000
8365000   0.337000
8367000   0.332000
8369000   0.332000
8371000   0.373000
8373000   0.332000
8375000   0.333000
8377000   0.334000
8379000   0.340000
8381000   0.338000
8383000   0.330000
8385000   0.351000
8387000   0.345000
8389000   0.329000
8391000   0.329000
8393000   0.333000
8395000   0.393000
8397000   0.334000
8399000   0.350000
8401000   0.330000
8403000   0.335000
8405000   0.353000
8407000   0.637000
8409000   0.337000
8411000   0.429000
8413000   0.365000
8415000   0.376000
8417000   0.352000
8419000   0.323000
8421000   0.324000
8423000   0.476000
8425000   0.329000
8427000   0.345000
8429000   0.349000
8431000   0.329000
8433000   0.331000
8435000   0.347000
8437000   0.334000
8439000   0.370000
8441000   0.334000
8443000   0.330000
8445000   0.326000
8447000   0.330000
8449000   0.371000
8451000   0.330000
8453000   0.351000
8455000   0.332000
8457000   0.332000
8459000   0.354000
8461000   0.331000
8463000   0.351000
8465000   0.389000
8467000   0.330000
8469000   0.325000
8471000   0.327000
8473000   0.329000
8475000   0.329000
8477000   0.328000
8479000   0.368000
8481000   0.328000
8483000   0.329000
8485000   0.352000
8487000   0.327000
8489000   0.327000
8491000   0.355000
8493000   0.365000
8495000   0.385000
8497000   0.330000
8499000   0.338000
8501000   0.331000
8503000   0.361000
8505000   0.340000
8507000   0.330000
8509000   0.329000
8511000   0.331000
8513000   0.330000
8515000   0.335000
8517000   0.336000
8519000   0.485000
8521000   0.400000
8523000   0.499000
8525000   0.331000
8527000   0.360000
8529000   0.327000
8531000   0.357000
8533000   0.331000
8535000   0.329000
8537000   0.330000
8539000   0.366000
8541000   0.345000
8543000   0.331000
8545000   0.370000
8547000   0.383000
8549000   0.368000
8551000   0.331000
8553000   0.326000
8555000   0.329000
8557000   0.338000
8559000   0.329000
8561000   0.326000
8563000   0.345000
8565000   0.327000
8567000   0.330000
8569000   0.350000
8571000   0.363000
8573000   0.372000
8575000   0.336000
8577000   0.404000
8579000   0.674000
8581000   0.328000
8583000   0.334000
8585000   0.329000
8587000   0.335000
8589000   0.335000
8591000   0.336000
8593000   0.328000
8595000   0.447000
8597000   0.328000
8599000   0.331000
8601000   0.385000
8603000   0.331000
8605000   0.337000
8607000   0.329000
8609000   0.332000
8611000   0.327000
8613000   0.336000
8615000   0.337000
8617000   0.333000
8619000   0.670000
8621000   0.330000
8623000   0.349000
8625000   0.349000
8627000   0.333000
8629000   0.350000
8631000   0.329000
8633000   0.329000
8635000   0.332000
8637000   0.331000
8639000   0.333000
8641000   0.756000
8643000   0.333000
8645000   0.756000
8647000   0.674000
8649000   0.333000
8651000   0.334000
8653000   0.326000
8655000   0.350000
8657000   0.337000
8659000   0.325000
8661000   0.331000
8663000   0.331000
8665000   0.334000
8667000   0.345000
8669000   0.329000
8671000   0.330000
8673000   0.347000
8675000   0.328000
8677000   0.364000
8679000   0.352000
8681000   0.330000
8683000   0.331000
8685000   0.638000
8687000   0.324000
8689000   0.362000
8691000   0.337000
8693000   0.331000
8695000   0.332000
8697000   0.330000
8699000   0.349000
8701000   0.348000
8703000   0.757000
8705000   0.352000
8707000   0.346000
8709000   0.329000
8711000   0.332000
8713000   0.328000
8715000   0.357000
8717000   0.330000
8719000   0.329000
8721000   0.332000
8723000   0.364000
8725000   0.376000
8727000   0.817000
8729000   0.331000
8731000   0.334000
8733000   0.437000
8735000   0.327000
8737000   0.363000
8739000   0.688000
8741000   0.351000
8743000   0.331000
8745000   0.331000
8747000   0.347000
8749000   0.346000
8751000   0.344000
8753000   0.407000
8755000   0.347000
8757000   0.379000
8759000   0.332000
8761000   0.368000
8763000   0.724000
8765000   0.455000
8767000   0.326000
8769000   0.326000
8771000   0.326000
8773000   0.350000
8775000   0.351000
8777000   0.367000
8779000   0.331000
8781000   0.467000
8783000   0.457000
8785000   0.329000
8787000   0.353000
8789000   0.329000
8791000   0.330000
8793000   0.330000
8795000   0.326000
8797000   0.329000
8799000   0.339000
8801000   0.357000
8803000   0.329000
8805000   0.331000
8807000   0.331000
8809000   0.329000
8811000   0.329000
8813000   0.350000
8815000   0.350000
8817000   0.330000
8819000   0.330000
8821000   0.327000
8823000   0.346000
8825000   0.348000
8827000   0.335000
8829000   0.331000
8831000   0.328000
8833000   0.331000
8835000   0.400000
8837000   0.330000
8839000   0.327000
8841000   0.330000
8843000   0.410000
8845000   0.332000
8847000   0.364000
8849000   0.332000
8851000   0.333000
8853000   0.335000
8855000   0.334000
8857000   0.329000
8859000   0.332000
8861000   0.328000
8863000   0.330000
8865000   0.481000
8867000   0.328000
8869000   0.333000
8871000   0.370000
8873000   0.331000
8875000   0.694000
8877000   0.331000
8879000   0.325000
8881000   0.346000
8883000   0.334000
8885000   0.331000
8887000   0.344000
8889000   0.338000
8891000   0.333000
8893000   0.352000
8895000   0.633000
8897000   0.672000
8899000   0.703000
8901000   0.671000
8903000   0.741000
8905000   0.731000
8907000   0.696000
8909000   0.678000
8911000   0.360000
8913000   0.457000
8915000   0.397000
8917000   0.709000
8919000   0.369000
8921000   0.413000
8923000   0.332000
8925000   0.329000
8927000   0.332000
8929000   0.706000
8931000   0.357000
8933000   0.328000
8935000   0.331000
8937000   0.329000
8939000   0.495000
8941000   0.353000
8943000   0.690000
8945000   0.682000
8947000   0.339000
8949000   0.369000
8951000   0.343000
8953000   0.332000
8955000   0.331000
8957000   0.355000
8959000   0.330000
8961000   0.522000
8963000   0.337000
8965000   0.368000
8967000   0.357000
8969000   0.490000
8971000   0.563000
8973000   0.688000
8975000   0.425000
8977000   0.362000
8979000   0.334000
8981000   0.357000
8983000   0.365000
8985000   0.363000
8987000   0.715000
8989000   0.358000
8991000   0.375000
8993000   0.339000
8995000   0.354000
8997000   0.356000
8999000   0.353000
9001000   0.500000
9003000   0.354000
9005000   0.355000
9007000   0.398000
9009000   0.356000
9011000   0.371000
9013000   0.355000
9015000   0.350000
9017000   0.469000
9019000   0.355000
9021000   0.342000
9023000   0.356000
9025000   0.357000
9027000   0.355000
9029000   0.355000
9031000   0.355000
9033000   0.407000
9035000   0.442000
9037000   0.400000
9039000   0.344000
9041000   0.353000
9043000   0.355000
9045000   0.347000
9047000   0.356000
9049000   0.356000
9051000   0.355000
9053000   0.360000
9055000   0.364000
9057000   0.624000
9059000   0.692000
9061000   0.695000
9063000   0.329000
9065000   0.354000
9067000   0.332000
9069000   0.330000
9071000   0.697000
9073000   0.329000
9075000   0.457000
9077000   0.329000
9079000   0.327000
9081000   0.328000
9083000   0.700000
9085000   0.715000
9087000   0.341000
9089000   0.328000
9091000   0.708000
9093000   0.443000
9095000   0.512000
9097000   0.331000
9099000   0.355000
9101000   0.711000
9103000   0.712000
9105000   0.512000
9107000   0.355000
9109000   0.353000
9111000   0.353000
9113000   0.353000
9115000   0.357000
9117000   0.417000
9119000   0.704000
9121000   0.340000
9123000   0.351000
9125000   0.329000
9127000   0.353000
9129000   0.365000
9131000   0.340000
9133000   0.363000
9135000   0.355000
9137000   0.338000
9139000   0.701000
9141000   0.372000
9143000   0.691000
9145000   0.357000
9147000   0.358000
9149000   0.351000
9151000   0.353000
9153000   0.354000
9155000   0.358000
9157000   0.383000
9159000   0.336000
9161000   0.457000
9163000   0.354000
9165000   0.334000
9167000   0.334000
9169000   0.338000
9171000   0.361000
9173000   0.396000
9175000   0.527000
9177000   0.345000
9179000   0.357000
9181000   0.352000
9183000   0.349000
9185000   0.393000
9187000   0.493000
9189000   0.749000
9191000   0.342000
9193000   0.365000
9195000   0.354000
9197000   0.362000
9199000   0.358000
9201000   0.340000
9203000   0.360000
9205000   0.353000
9207000   0.355000
9209000   0.342000
9211000   0.350000
9213000   0.351000
9215000   0.359000
9217000   0.386000
9219000   0.399000
9221000   0.338000
9223000   0.363000
9225000   0.439000
9227000   0.411000
9229000   0.336000
9231000   0.736000
9233000   0.334000
9235000   0.340000
9237000   0.333000
9239000   0.340000
9241000   0.379000
9243000   0.409000
9245000   0.339000
9247000   0.349000
9249000   0.345000
9251000   0.371000
9253000   0.333000
9255000   0.707000
9257000   0.357000
9259000   0.346000
9261000   0.339000
9263000   0.348000
9265000   0.358000
9267000   0.355000
9269000   0.355000
9271000   0.356000
9273000   0.460000
9275000   0.347000
9277000   0.346000
9279000   0.382000
9281000   0.338000
9283000   0.351000
9285000   0.356000
9287000   0.345000
9289000   0.362000
9291000   0.345000
9293000   0.354000
9295000   0.437000
9297000   0.407000
9299000   0.335000
9301000   0.349000
9303000   0.355000
9305000   0.391000
9307000   0.341000
9309000   0.440000
9311000   0.348000
9313000   0.352000
9315000   0.349000
9317000   0.330000
9319000   0.478000
9321000   0.344000
9323000   0.348000
9325000   0.351000
9327000   0.350000
9329000   0.358000
9331000   0.343000
9333000   0.377000
9335000   0.358000
9337000   0.347000
9339000   0.355000
9341000   0.354000
9343000   0.357000
9345000   0.669000
9347000   0.356000
9349000   0.339000
9351000   0.407000
9353000   0.408000
9355000   0.607000
9357000   0.349000
9359000   0.355000
9361000   0.355000
9363000   0.339000
9365000   0.357000
9367000   0.349000
9369000   0.340000
9371000   0.342000
9373000   0.340000
9375000   0.344000
9377000   0.402000
9379000   0.339000
9381000   0.339000
9383000   0.336000
9385000   0.373000
9387000   0.344000
9389000   0.339000
9391000   0.356000
9393000   0.325000
9395000   0.338000
9397000   0.393000
9399000   0.365000
9401000   0.357000
9403000   0.380000
9405000   0.354000
9407000   0.348000
9409000   0.341000
9411000   0.340000
9413000   0.357000
9415000   0.356000
9417000   0.355000
9419000   0.372000
9421000   0.354000
9423000   0.375000
9425000   0.358000
9427000   0.340000
9429000   0.358000
9431000   0.347000
9433000   0.401000
9435000   0.357000
9437000   0.351000
9439000   0.354000
9441000   0.346000
9443000   0.340000
9445000   0.358000
9447000   0.351000
9449000   0.437000
9451000   0.346000
9453000   0.346000
9455000   0.345000
9457000   0.341000
9459000   0.355000
9461000   0.459000
9463000   0.517000
9465000   0.444000
9467000   0.357000
9469000   0.372000
9471000   0.372000
9473000   0.380000
9475000   0.359000
9477000   0.343000
9479000   0.377000
9481000   0.415000
9483000   0.346000
9485000   0.338000
9487000   0.343000
9489000   0.713000
9491000   0.340000
9493000   0.411000
9495000   0.382000
9497000   0.335000
9499000   0.351000
9501000   0.386000
9503000   0.377000
9505000   0.343000
9507000   0.343000
9509000   0.442000
9511000   0.334000
9513000   0.348000
9515000   0.334000
9517000   0.414000
9519000   0.358000
9521000   0.355000
9523000   0.387000
9525000   0.365000
9527000   0.355000
9529000   0.370000
9531000   0.402000
9533000   0.338000
9535000   0.334000
9537000   0.334000
9539000   0.358000
9541000   0.362000
9543000   0.364000
9545000   0.339000
9547000   0.340000
9549000   0.339000
9551000   0.351000
9553000   0.375000
9555000   0.335000
9557000   0.338000
9559000   0.350000
9561000   0.336000
9563000   0.335000
9565000   0.356000
9567000   0.336000
9569000   0.354000
9571000   0.382000
9573000   0.362000
9575000   0.413000
9577000   0.701000
9579000   0.385000
9581000   0.342000
9583000   0.689000
9585000   0.344000
9587000   0.385000
9589000   0.340000
9591000   0.340000
9593000   0.339000
9595000   0.342000
9597000   0.457000
9599000   0.375000
9601000   0.345000
9603000   0.344000
9605000   0.356000
9607000   0.396000
9609000   0.356000
9611000   0.343000
9613000   0.451000
9615000   0.336000
9617000   0.382000
9619000   0.333000
9621000   0.340000
9623000   0.708000
9625000   0.351000
9627000   0.338000
9629000   0.365000
9631000   0.339000
9633000   0.345000
9635000   0.361000
9637000   0.338000
9639000   0.468000
9641000   0.344000
9643000   0.399000
9645000   0.342000
9647000   0.343000
9649000   0.343000
9651000   0.360000
9653000   0.453000
9655000   0.336000
9657000   0.350000
9659000   0.338000
9661000   0.338000
9663000   0.349000
9665000   0.337000
9667000   0.349000
9669000   0.334000
9671000   0.338000
9673000   0.364000
9675000   0.343000
9677000   0.340000
9679000   0.337000
9681000   0.354000
9683000   0.733000
9685000   0.340000
9687000   0.357000
9689000   0.339000
9691000   0.359000
9693000   0.369000
9695000   0.392000
9697000   0.336000
9699000   0.348000
9701000   0.358000
9703000   0.357000
9705000   0.340000
9707000   0.354000
9709000   0.357000
9711000   0.355000
9713000   0.343000
9715000   0.336000
9717000   0.355000
9719000   0.339000
9721000   0.338000
9723000   0.340000
9725000   0.357000
9727000   0.340000
9729000   0.340000
9731000   0.343000
9733000   0.339000
9735000   0.359000
9737000   0.395000
9739000   0.337000
9741000   0.336000
9743000   0.338000
9745000   0.344000
9747000   0.358000
9749000   0.335000
9751000   0.333000
9753000   0.337000
9755000   0.354000
9757000   0.342000
9759000   0.336000
9761000   0.355000
9763000   0.422000
9765000   0.373000
9767000   0.345000
9769000   0.343000
9771000   0.355000
9773000   0.354000
9775000   0.335000
9777000   0.339000
9779000   0.340000
9781000   0.338000
9783000   0.338000
9785000   0.340000
9787000   0.363000
9789000   0.353000
9791000   0.421000
9793000   0.337000
9795000   0.339000
9797000   0.340000
9799000   0.341000
9801000   0.383000
9803000   0.381000
9805000   0.348000
9807000   0.338000
9809000   0.647000
9811000   0.348000
9813000   0.358000
9815000   0.336000
9817000   0.347000
9819000   0.483000
9821000   0.372000
9823000   0.374000
9825000   0.387000
9827000   0.403000
9829000   0.374000
9831000   0.470000
9833000   0.361000
9835000   0.363000
9837000   0.338000
9839000   0.401000
9841000   0.423000
9843000   0.416000
9845000   0.406000
9847000   0.455000
9849000   0.346000
9851000   0.345000
9853000   0.333000
9855000   0.385000
9857000   0.487000
9859000   0.340000
9861000   0.342000
9863000   0.356000
9865000   0.364000
9867000   0.339000
9869000   0.342000
9871000   0.354000
9873000   0.433000
9875000   0.334000
9877000   0.411000
9879000   0.372000
9881000   0.340000
9883000   0.355000
9885000   0.343000
9887000   0.342000
9889000   0.341000
9891000   0.353000
9893000   0.342000
9895000   0.341000
9897000   0.340000
9899000   0.365000
9901000   0.338000
9903000   0.343000
9905000   0.469000
9907000   0.342000
9909000   0.346000
9911000   0.387000
9913000   0.343000
9915000   0.344000
9917000   0.382000
9919000   0.344000
9921000   0.338000
9923000   0.334000
9925000   0.338000
9927000   0.340000
9929000   0.406000
9931000   0.356000
9933000   0.339000
9935000   0.331000
9937000   0.342000
9939000   0.336000
9941000   0.357000
9943000   0.347000
9945000   0.373000
9947000   0.366000
9949000   0.450000
9951000   0.360000
9953000   0.337000
9955000   0.336000
9957000   0.337000
9959000   0.339000
9961000   0.336000
9963000   0.341000
9965000   0.339000
9967000   0.338000
9969000   0.344000
9971000   0.352000
9973000   0.336000
9975000   0.334000
9977000   0.341000
9979000   0.337000
9981000   0.337000
9983000   0.336000
9985000   0.340000
9987000   0.337000
9989000   0.358000
9991000   0.340000
9993000   0.335000
9995000   0.338000
9997000   0.342000
9999000   0.338000
